
0.00 	0.00 	0.00
	9.06 	63.88 	-86.87
	358.00 	66.87 	-89.69
	348.50 	70.25 	-95.19
	348.44 	69.87 	-93.94
	353.25 	69.06 	-93.62
	356.75 	68.69 	-95.00
	355.75 	69.19 	-96.06
	1.19 	68.75 	-96.94
	6.62 	68.12 	-95.31
	4.19 	68.56 	-95.69
	359.62 	69.31 	-101.00
	0.25 	69.06 	-102.12
	1.62 	68.87 	-101.12
	1.81 	68.44 	-101.37
	4.69 	67.94 	-100.25
	10.06 	68.06 	-98.50
	9.50 	67.75 	-97.62
	6.94 	67.37 	-101.87
	9.88 	67.19 	-105.94
	11.50 	66.94 	-105.94
	13.00 	66.06 	-104.50
	13.06 	66.00 	-105.50
	14.25 	64.94 	-101.56
	16.69 	62.69 	-95.56
	18.31 	60.75 	-91.44
	19.44 	59.06 	-88.37
	19.94 	57.94 	-86.44
	20.19 	57.06 	-85.56
	20.31 	56.44 	-84.75
	20.50 	56.00 	-84.44
	20.75 	55.88 	-84.19
	20.81 	55.69 	-84.12
	20.81 	55.44 	-83.87
	20.87 	55.31 	-83.87
	21.44 	55.38 	-84.19
	23.06 	55.63 	-83.75
	24.12 	55.81 	-83.81
	26.56 	55.75 	-83.06
	27.81 	55.25 	-82.50
	27.69 	55.25 	-83.31
	27.56 	54.81 	-83.37
	25.19 	54.44 	-84.12
	23.50 	54.00 	-85.00
	22.56 	54.06 	-85.37
	22.37 	54.00 	-85.37
	22.62 	53.94 	-84.75
	21.56 	54.38 	-83.31
	20.56 	54.75 	-82.25
	19.94 	55.69 	-82.69
	19.19 	56.56 	-83.19
	19.19 	56.06 	-83.69
	19.69 	55.75 	-83.62
	19.31 	55.94 	-83.25
	18.94 	55.94 	-83.37
	19.00 	55.88 	-83.37
	19.25 	55.94 	-83.19
	19.25 	56.00 	-83.12
	19.00 	56.00 	-83.06
	18.81 	56.00 	-83.06
	18.56 	55.94 	-83.00
	18.37 	55.94 	-82.94
	18.19 	55.94 	-82.94
	18.06 	55.94 	-82.94
	18.00 	55.94 	-82.87
	17.94 	55.94 	-82.81
	17.94 	55.88 	-82.81
	17.87 	55.88 	-82.81
	17.87 	55.88 	-82.87
	17.87 	55.88 	-82.87
	17.87 	55.88 	-82.87
	17.87 	55.81 	-82.87
	17.75 	55.75 	-82.87
	17.75 	55.75 	-82.75
	18.06 	55.69 	-82.44
	18.62 	55.69 	-82.06
	19.00 	55.75 	-81.75
	18.56 	55.69 	-81.56
	18.00 	55.75 	-81.44
	17.31 	55.88 	-81.31
	17.31 	55.88 	-81.12
	17.44 	55.88 	-80.94
	17.44 	55.88 	-81.00
	17.37 	55.88 	-81.06
	17.37 	55.94 	-81.50
	17.50 	55.88 	-81.56
	17.75 	55.88 	-81.50
	17.50 	56.00 	-81.75
	17.37 	56.06 	-81.87
	17.37 	56.00 	-81.81
	17.50 	56.06 	-81.81
	17.37 	56.19 	-81.87
	17.37 	56.19 	-81.94
	17.56 	56.19 	-81.87
	17.50 	56.25 	-82.12
	17.44 	56.25 	-82.19
	17.50 	56.25 	-82.12
	17.50 	56.25 	-82.19
	17.44 	56.25 	-82.25
	17.44 	56.25 	-82.25
	17.50 	56.25 	-82.25
	17.50 	56.25 	-82.25
	17.44 	56.25 	-82.25
	17.50 	56.19 	-82.19
	17.50 	56.19 	-82.19
	17.50 	56.19 	-82.19
	17.50 	56.19 	-82.19
	17.56 	56.19 	-82.19
	17.62 	56.19 	-82.25
	17.62 	56.19 	-82.25
	17.62 	56.19 	-82.19
	17.62 	56.19 	-82.19
	17.69 	56.19 	-82.19
	17.75 	56.19 	-82.12
	17.75 	56.19 	-82.12
	17.75 	56.19 	-82.25
	17.69 	56.19 	-82.25
	17.56 	56.19 	-82.31
	17.56 	56.19 	-82.31
	17.56 	56.19 	-82.37
	17.56 	56.19 	-82.37
	17.56 	56.19 	-82.37
	17.62 	56.19 	-82.44
	17.56 	56.19 	-82.50
	17.56 	56.19 	-82.56
	17.50 	56.19 	-82.62
	17.50 	56.19 	-82.75
	17.50 	56.19 	-82.81
	17.50 	56.19 	-82.87
	17.56 	56.25 	-82.87
	17.62 	56.25 	-82.87
	17.69 	56.25 	-82.81
	17.69 	56.25 	-82.81
	17.75 	56.25 	-82.87
	17.75 	56.25 	-82.87
	17.75 	56.25 	-82.87
	17.75 	56.25 	-82.87
	17.69 	56.25 	-83.00
	17.69 	56.25 	-83.00
	17.69 	56.25 	-83.06
	17.62 	56.25 	-83.06
	17.62 	56.25 	-83.06
	17.62 	56.25 	-83.06
	17.62 	56.25 	-83.06
	17.69 	56.25 	-83.06
	17.69 	56.25 	-83.00
	17.69 	56.25 	-83.00
	17.75 	56.25 	-83.00
	17.69 	56.25 	-83.00
	17.81 	56.25 	-83.00
	17.81 	56.25 	-82.94
	17.87 	56.25 	-82.81
	17.94 	56.25 	-82.69
	18.06 	56.25 	-82.62
	18.25 	56.13 	-82.44
	18.25 	56.13 	-82.50
	18.50 	56.06 	-82.37
	18.56 	56.06 	-82.25
	18.56 	55.88 	-82.19
	18.31 	55.88 	-81.81
	17.31 	56.94 	-81.56
	15.88 	58.25 	-81.75
	16.44 	57.56 	-81.56
	17.12 	56.06 	-81.06
	5.25 	59.94 	-81.62
	349.94 	65.94 	-83.00
	344.81 	70.44 	-86.50
	342.87 	73.81 	-93.56
	337.25 	74.87 	-104.75
	328.87 	75.37 	-107.00
	332.62 	76.25 	-98.25
	329.31 	78.00 	-99.56
	327.37 	78.56 	-98.06
	327.56 	77.94 	-95.75
	327.69 	77.81 	-95.19
	328.00 	77.81 	-94.94
	327.87 	77.62 	-94.75
	328.31 	77.62 	-93.62
	328.62 	77.37 	-93.12
	329.56 	77.31 	-92.56
	329.87 	77.19 	-92.56
	329.75 	77.12 	-92.12
	329.62 	76.81 	-92.12
	330.31 	76.56 	-91.44
	330.87 	76.56 	-92.06
	331.12 	76.50 	-92.94
	332.50 	76.06 	-93.69
	337.81 	74.56 	-96.37
	349.12 	73.25 	-95.25
