23.81 	-75.87 	-14.50
	22.69 	-74.69 	-13.44
	20.81 	-78.44 	-29.00
	28.19 	-80.12 	-96.31
	28.31 	-81.62 	-91.12
	19.00 	-81.06 	-65.37
	19.12 	-79.50 	-44.50
	20.56 	-79.50 	-44.00
	19.75 	-79.12 	-44.00
	20.06 	-80.12 	-43.00
	20.12 	-80.37 	-42.25
	20.69 	-80.81 	-42.44
	21.06 	-81.00 	-42.19
	21.19 	-81.12 	-42.56
	21.12 	-81.25 	-41.31
	21.62 	-81.56 	-41.00
	22.00 	-81.62 	-40.94
	22.12 	-81.69 	-40.75
	22.37 	-81.81 	-40.75
	22.37 	-81.81 	-40.75
	22.19 	-81.81 	-40.94
	21.94 	-81.81 	-40.94
	21.81 	-81.87 	-41.00
	21.87 	-81.87 	-41.06
	21.75 	-81.87 	-40.81
	21.81 	-81.94 	-40.69
	21.87 	-81.94 	-40.81
	21.75 	-81.94 	-40.69
	21.75 	-82.00 	-40.50
	21.50 	-82.00 	-40.31
	21.37 	-82.00 	-40.19
	21.12 	-82.00 	-39.63
	21.06 	-82.00 	-39.50
	20.87 	-82.00 	-39.25
	20.87 	-82.00 	-39.25
	20.94 	-82.00 	-39.31
	21.06 	-82.00 	-39.44
	21.00 	-81.94 	-39.69
	20.87 	-82.00 	-39.44
	20.94 	-82.00 	-39.13
	20.94 	-82.06 	-38.94
	21.12 	-82.12 	-38.69
	21.31 	-82.19 	-38.63
	21.44 	-82.19 	-38.81
	21.37 	-82.19 	-38.75
	21.50 	-82.25 	-38.75
	21.44 	-82.25 	-38.69
	21.50 	-82.25 	-38.56
	21.50 	-82.25 	-38.56
	21.56 	-82.25 	-38.63
	21.56 	-82.31 	-38.63
	21.56 	-82.31 	-38.56
	21.56 	-82.31 	-38.56
	21.50 	-82.31 	-38.50
	21.44 	-82.25 	-38.63
	21.37 	-82.25 	-38.56
	21.37 	-82.25 	-38.38
	21.44 	-82.19 	-38.25
	21.44 	-82.19 	-38.13
	21.56 	-82.12 	-38.00
	21.56 	-82.12 	-37.88
	21.56 	-82.12 	-37.69
	21.94 	-82.06 	-37.50
	22.12 	-82.00 	-37.81
	22.12 	-82.00 	-37.44
	22.12 	-82.00 	-37.50
	21.69 	-81.87 	-37.50
	21.50 	-81.87 	-36.81
	21.50 	-81.94 	-36.44
	21.37 	-81.94 	-36.31
	21.44 	-81.87 	-36.63
	21.25 	-81.81 	-36.75
	21.31 	-81.81 	-36.88
	21.37 	-81.81 	-36.94
	21.37 	-81.81 	-36.94
	21.19 	-81.81 	-36.75
	21.00 	-81.75 	-37.38
	21.12 	-81.75 	-37.50
	21.12 	-81.75 	-37.56
	21.19 	-81.75 	-37.56
	21.19 	-81.75 	-37.44
	21.37 	-81.81 	-36.94
	21.37 	-81.87 	-36.50
	21.50 	-81.87 	-36.44
	21.56 	-81.87 	-36.50
	21.62 	-81.87 	-36.50
	21.56 	-81.87 	-36.75
	21.44 	-81.87 	-36.63
	21.37 	-81.87 	-36.56
	21.37 	-81.81 	-36.94
	21.25 	-81.81 	-37.00
	21.31 	-81.81 	-36.63
	21.25 	-81.87 	-36.00
	21.12 	-81.81 	-35.44
	21.56 	-81.81 	-37.69
	20.75 	-81.81 	-38.94
	20.44 	-82.00 	-38.75
	20.75 	-82.00 	-39.50
	21.00 	-82.00 	-38.38
	20.37 	-81.87 	-36.50
	20.31 	-82.00 	-36.19
	20.25 	-81.87 	-37.50
	19.94 	-81.94 	-36.88
	19.94 	-81.94 	-36.94
	19.94 	-81.94 	-36.88
	19.81 	-81.94 	-36.50
	19.62 	-81.94 	-36.38
	19.69 	-82.00 	-36.69
	19.62 	-82.00 	-36.44
	19.69 	-82.00 	-36.50
	19.69 	-82.06 	-36.56
	19.62 	-82.06 	-36.88
	19.62 	-82.06 	-37.06
	19.56 	-82.00 	-36.88
	19.69 	-82.06 	-36.63
	19.62 	-82.06 	-36.56
	19.62 	-82.19 	-36.19
	20.06 	-82.25 	-36.38
	20.25 	-82.25 	-36.81
	20.31 	-82.25 	-36.94
	20.19 	-82.25 	-36.69
	20.00 	-82.31 	-35.94
	20.00 	-82.31 	-35.75
	20.06 	-82.25 	-35.44
	20.19 	-82.19 	-36.38
	20.37 	-82.19 	-36.50
	20.56 	-82.19 	-35.88
	20.75 	-82.12 	-35.50
	21.00 	-82.12 	-35.19
	20.87 	-82.12 	-34.75
	20.87 	-82.19 	-34.44
	20.75 	-82.25 	-33.56
	20.87 	-82.25 	-33.81
	20.94 	-82.25 	-33.94
	20.81 	-82.25 	-33.81
	20.62 	-82.25 	-33.19
	20.87 	-82.25 	-33.44
	20.87 	-82.25 	-33.44
	20.81 	-82.19 	-33.88
	20.56 	-82.12 	-34.38
	20.69 	-82.19 	-34.75
	20.19 	-82.19 	-34.75
	20.06 	-82.19 	-34.81
	20.00 	-82.19 	-34.69
	19.81 	-82.37 	-35.31
	19.69 	-82.37 	-35.81
	19.56 	-82.37 	-36.19
	19.37 	-82.44 	-36.44
	19.62 	-82.50 	-37.25
	19.12 	-82.44 	-36.88
	18.75 	-82.56 	-35.94
	18.87 	-82.62 	-35.38
	19.12 	-82.62 	-35.50
	19.25 	-82.62 	-35.69
	19.37 	-82.62 	-36.00
	19.31 	-82.62 	-36.00
	19.37 	-82.62 	-36.13
	19.50 	-82.50 	-36.00
	19.62 	-82.44 	-35.88
	19.69 	-82.44 	-36.06
	20.06 	-82.44 	-36.75
	20.25 	-82.31 	-35.81
	20.75 	-82.25 	-36.31
	20.87 	-82.25 	-35.94
	21.19 	-82.00 	-36.63
	21.75 	-81.87 	-36.75
	22.25 	-81.75 	-37.25
	21.75 	-81.81 	-35.69
	22.50 	-81.69 	-36.63
	22.00 	-81.62 	-36.13
	22.06 	-81.62 	-37.25
	22.19 	-81.56 	-36.63
	22.37 	-81.50 	-36.94
	22.19 	-81.56 	-35.25
	22.50 	-81.44 	-36.44
	21.94 	-81.75 	-33.81
	22.37 	-81.81 	-31.75
	22.00 	-81.56 	-32.31
	22.06 	-81.87 	-31.06
	21.37 	-82.12 	-30.69
	20.75 	-82.19 	-29.12
	20.87 	-82.31 	-27.00
	20.56 	-82.31 	-25.81
	20.31 	-82.31 	-25.37
	20.00 	-82.37 	-24.69
	20.37 	-82.56 	-23.56
	20.56 	-82.56 	-22.19
	21.31 	-82.62 	-22.19
	20.87 	-82.44 	-25.12
	21.12 	-82.62 	-24.37
	19.87 	-82.56 	-24.50
	20.19 	-82.94 	-21.50
	20.62 	-83.12 	-21.94
	20.12 	-82.87 	-21.37
	20.25 	-82.94 	-21.69
	19.94 	-83.00 	-21.12
	20.25 	-83.06 	-19.94
	20.06 	-82.87 	-20.37
	20.12 	-82.94 	-21.50
	19.75 	-82.94 	-21.94
	19.87 	-83.00 	-22.44
	20.12 	-82.94 	-23.00
	20.00 	-82.81 	-23.81
	20.06 	-82.87 	-24.12
	20.00 	-82.87 	-24.56
	19.81 	-82.75 	-24.81
	19.44 	-82.75 	-24.37
	19.44 	-82.75 	-24.12
	19.62 	-82.69 	-24.50
	19.56 	-82.62 	-25.56
	19.44 	-82.62 	-25.94
	19.44 	-82.62 	-25.94
	19.44 	-82.56 	-26.06
	19.50 	-82.44 	-25.81
	19.50 	-82.37 	-26.25
	19.31 	-82.31 	-26.75
	19.12 	-82.31 	-26.94
	19.06 	-82.31 	-26.44
	18.94 	-82.31 	-26.44
	18.87 	-82.31 	-27.44
	18.94 	-82.31 	-27.69
	19.19 	-82.31 	-27.69
	19.50 	-82.19 	-26.50
	19.62 	-82.12 	-25.62
	19.69 	-82.12 	-25.31
	19.81 	-82.06 	-26.50
	19.69 	-82.06 	-26.37
	19.69 	-82.06 	-26.25
	19.75 	-82.06 	-26.19
	19.75 	-82.00 	-25.94
	19.81 	-82.00 	-25.56
	19.87 	-82.06 	-25.12
	19.94 	-82.06 	-25.25
	20.06 	-82.06 	-25.37
	20.12 	-82.06 	-25.50
	20.44 	-82.06 	-26.56
	20.31 	-82.06 	-26.31
	20.31 	-82.00 	-26.19
	20.31 	-81.94 	-25.81
	20.31 	-81.94 	-25.94
	20.31 	-81.94 	-26.06
	20.12 	-81.94 	-26.50
	20.00 	-81.94 	-26.56
	19.94 	-82.00 	-26.50
	20.00 	-82.00 	-26.56
	20.06 	-82.00 	-26.69
	20.25 	-82.00 	-26.75
	20.25 	-82.00 	-26.75
	20.19 	-82.00 	-26.69
	20.12 	-82.00 	-26.62
	20.12 	-82.00 	-26.62
	20.19 	-82.00 	-26.69
	20.56 	-82.00 	-26.75
	20.62 	-82.00 	-26.81
	20.56 	-82.00 	-26.75
	20.56 	-82.00 	-26.75
	20.62 	-82.00 	-26.56
	20.69 	-82.00 	-26.56
	20.75 	-82.00 	-26.62
	20.69 	-82.00 	-26.56
	20.62 	-82.00 	-26.62
	20.50 	-82.00 	-26.50
	20.62 	-82.06 	-26.75
	20.69 	-82.06 	-26.87
	20.62 	-82.06 	-26.94
	20.62 	-82.06 	-27.00
	20.62 	-82.12 	-27.00
	20.62 	-82.12 	-27.12
	20.62 	-82.12 	-27.19
	20.62 	-82.12 	-27.06
	20.62 	-82.19 	-27.06
	20.69 	-82.19 	-27.19
	20.69 	-82.19 	-27.12
	20.62 	-82.19 	-27.12
	20.56 	-82.19 	-26.87
	20.62 	-82.19 	-26.75
	20.44 	-82.12 	-26.56
	20.44 	-82.12 	-26.69
	20.37 	-82.12 	-26.69
	20.37 	-82.12 	-26.69
	20.37 	-82.12 	-26.69
	20.44 	-82.12 	-26.75
	20.44 	-82.12 	-26.69
	20.44 	-82.12 	-26.69
	20.44 	-82.12 	-26.69
	20.31 	-82.12 	-26.69
	20.12 	-82.31 	-24.94
