42.25 60.44 -1.87
41.56 62.69 0.19
41.63 65.06 -1.87
41.94 66.12 0.44
41.31 66.94 4.81
41.63 66.81 5.44
41.63 66.25 4.87
41.13 66.19 4.44
41.06 66.25 4.50
40.69 66.44 4.44
40.13 66.56 3.62
38.75 67.12 4.19
34.13 69.12 21.56
25.81 65.94 56.88
21.25 51.50 69.37
25.00 37.06 66.87
34.13 30.94 60.19
44.81 34.44 44.50
53.06 35.19 38.25
60.19 37.06 31.37
69.06 37.50 25.75
74.69 36.75 22.75
75.81 37.50 21.12
69.81 43.31 16.56
53.69 53.38 12.81
29.81 68.62 25.87
1.56 73.12 105.75
334.69 63.50 135.37
317.94 53.00 128.81
308.69 37.38 117.19
295.50 21.44 110.56
