107.81 	79.37 	3.00
107.69 	79.12 	4.44
107.75 	78.69 	4.19
108.00 	78.62 	4.25
108.06 	78.62 	4.44
108.00 	78.56 	4.31
107.87 	78.69 	4.62
107.12 	78.87 	5.00
105.31 	79.19 	5.50
103.12 	79.75 	6.56
101.25 	79.94 	5.94
100.12 	80.37 	4.75
99.69 	80.62 	4.00
99.56 	81.00 	1.56
99.69 	81.06 	0.75
99.87 	81.25 	1.75
99.81 	81.62 	6.25
99.69 	81.69 	7.94
99.87 	81.87 	9.56
100.31 	82.19 	9.75
100.81 	82.37 	7.81
101.12 	82.50 	5.62
100.94 	82.75 	5.37
100.94 	82.69 	6.50
100.69 	82.81 	7.12
100.62 	83.31 	0.50
100.56 	83.25 	0.00
100.75 	82.75 	-5.31
100.50 	82.69 	-5.12
100.06 	82.94 	-1.31
100.25 	82.62 	-0.13
100.50 	82.75 	-1.00
100.69 	82.75 	-0.25
100.81 	82.81 	0.94
101.06 	82.75 	0.88
101.00 	82.69 	0.19
100.81 	82.37 	0.19
101.25 	82.00 	0.56
101.75 	81.69 	0.25
102.94 	81.69 	0.69
103.94 	81.31 	-0.75
105.00 	81.00 	-0.62
106.56 	80.62 	0.25
107.31 	80.19 	2.12
107.69 	80.44 	1.94
107.44 	80.62 	2.69
107.06 	80.94 	3.75
106.87 	81.00 	3.19
106.94 	81.19 	2.87
106.94 	81.19 	2.37
106.56 	81.25 	3.62
106.56 	81.25 	4.50
106.50 	81.25 	6.12
106.50 	81.12 	5.50
106.44 	81.00 	5.06
106.12 	80.87 	6.12
106.12 	80.94 	6.44
106.06 	81.19 	7.50
105.87 	81.44 	6.94
105.37 	82.00 	5.94
105.37 	82.25 	4.69
104.25 	82.31 	3.31
103.87 	82.50 	5.44
103.81 	82.44 	5.06
103.56 	82.25 	5.94
103.62 	82.12 	4.75
103.75 	82.12 	5.12
103.62 	82.00 	4.75
103.50 	82.00 	5.94
103.75 	82.31 	2.81
104.06 	82.44 	1.81
103.31 	82.69 	6.00
102.50 	82.75 	10.19
101.94 	82.94 	10.94
100.94 	83.37 	1.37
100.06 	83.25 	1.94
99.56 	83.06 	21.44
99.25 	82.69 	25.94
99.12 	82.37 	30.00
98.81 	82.25 	33.94
98.69 	82.44 	34.88
98.94 	82.75 	34.38
98.75 	82.56 	33.25
98.19 	82.12 	34.31
96.37 	79.50 	46.06
92.37 	72.00 	57.56
86.94 	63.25 	63.56
79.81 	54.13 	66.94
71.31 	45.13 	68.44
63.38 	36.94 	68.06
56.56 	30.56 	66.37
51.50 	25.62 	64.87
48.25 	21.19 	63.19
45.00 	16.75 	62.50
42.94 	12.00 	61.50
41.69 	8.69 	60.75
41.06 	6.44 	60.00
40.63 	5.25 	59.81
40.56 	4.62 	59.69
40.56 	4.44 	59.56
41.06 	4.62 	59.31
41.44 	5.50 	58.69
41.75 	6.69 	58.38
41.75 	7.12 	57.56
42.06 	6.50 	54.63
43.00 	8.06 	53.00
44.50 	11.81 	53.94
45.31 	15.13 	55.44
45.50 	16.44 	56.19
45.81 	16.81 	56.31
46.06 	17.19 	56.25
46.00 	17.00 	56.38
45.94 	16.87 	56.56
46.13 	17.12 	56.56
46.06 	17.06 	56.56
46.19 	17.00 	56.63
46.38 	17.12 	56.50
46.44 	17.25 	56.38
46.06 	17.12 	56.44
45.88 	17.06 	56.19
46.06 	17.31 	56.19
46.13 	17.44 	56.19
46.50 	17.37 	55.88
46.63 	17.37 	56.25
46.56 	17.25 	56.50
46.69 	17.37 	56.44
46.81 	17.37 	56.44
46.94 	17.31 	56.56
47.38 	17.62 	56.69
49.94 	20.56 	56.50
54.88 	28.50 	58.13
62.00 	39.44 	60.56
70.25 	50.00 	59.94
77.50 	59.00 	58.19
83.56 	65.62 	51.13
88.00 	70.94 	42.44
92.19 	75.00 	28.31
95.25 	77.19 	13.38
98.00 	78.25 	7.94
98.50 	77.94 	6.50
98.19 	78.06 	8.50
97.75 	78.31 	10.56
97.31 	78.37 	11.69
97.12 	78.25 	13.31
97.50 	78.06 	12.13
97.37 	77.94 	12.44
97.62 	77.94 	11.63
97.81 	78.00 	10.56
97.87 	78.25 	11.63
97.62 	78.31 	11.56
97.75 	78.37 	11.13
97.56 	78.44 	10.56
97.62 	78.69 	10.25
97.56 	78.75 	9.63
97.69 	78.87 	10.38
97.75 	78.94 	11.38
97.69 	78.94 	11.63
97.94 	79.00 	12.44
98.56 	79.06 	11.69
99.25 	79.06 	11.75
100.25 	80.00 	11.94
102.81 	80.75 	5.37
105.12 	80.25 	-1.31
106.56 	76.81 	-3.12
107.94 	70.50 	-4.69
110.75 	61.94 	-4.12
112.62 	54.69 	0.69
112.56 	47.50 	7.69
111.56 	39.31 	13.13
110.19 	31.19 	16.31
108.19 	24.00 	18.75
106.00 	17.81 	20.25
104.00 	13.13 	20.62
102.81 	9.69 	20.50
102.37 	8.25 	20.62
102.00 	7.94 	21.00
101.44 	7.94 	21.31
101.81 	8.19 	21.50
101.44 	8.88 	21.87
101.37 	9.19 	22.25
101.69 	9.31 	22.81
101.44 	9.31 	23.25
101.56 	9.31 	23.31
101.62 	9.00 	23.50
101.81 	9.00 	23.50
101.75 	9.19 	23.25
101.81 	9.31 	23.56
101.50 	9.38 	23.69
101.56 	9.75 	23.87
101.50 	10.06 	24.12
101.62 	10.25 	24.25
102.12 	10.44 	24.00
102.44 	10.44 	23.94
102.62 	10.25 	23.87
102.44 	10.19 	23.69
102.62 	10.19 	23.62
102.06 	10.06 	23.75
101.69 	10.13 	23.81
101.69 	10.00 	23.81
101.75 	10.00 	24.00
101.62 	10.00 	24.12
101.50 	9.88 	24.06
101.81 	9.94 	23.81
101.81 	10.06 	23.94
101.81 	10.38 	24.00
102.06 	10.50 	23.75
102.00 	11.69 	23.56
102.50 	14.56 	22.56
103.19 	19.81 	21.37
103.94 	27.00 	19.87
104.19 	34.88 	19.12
104.19 	43.31 	17.75
105.37 	51.56 	14.69
106.75 	59.38 	11.44
108.31 	66.56 	7.62
109.37 	74.25 	1.81
108.50 	79.56 	-2.94
107.37 	80.25 	-3.75
105.50 	78.56 	4.56
104.62 	77.50 	6.69
103.94 	77.56 	8.31
103.87 	77.25 	8.75
103.37 	76.94 	7.44
102.81 	76.87 	7.62
102.62 	76.81 	7.50
102.50 	76.56 	7.62
102.50 	76.56 	7.56
102.25 	76.56 	8.94
102.25 	76.62 	9.38
102.06 	76.75 	10.50
101.81 	76.75 	11.38
101.50 	76.69 	12.75
101.31 	76.62 	13.00
101.50 	76.69 	12.44
101.75 	76.75 	12.63
101.75 	76.62 	12.56
101.69 	76.62 	12.81
101.37 	76.69 	13.50
100.62 	76.94 	16.56
98.50 	75.62 	28.19
93.12 	69.75 	48.44
82.75 	56.81 	60.75
71.37 	42.88 	62.38
61.06 	27.19 	58.25
53.44 	11.50 	53.13
49.63 	-1.62 	49.94
47.50 	-12.44 	47.81
45.56 	-22.19 	47.31
43.88 	-29.25 	48.50
42.69 	-35.00 	50.56
42.56 	-39.38 	53.69
43.63 	-42.25 	56.88
45.38 	-44.13 	60.06
47.31 	-44.56 	62.31
48.31 	-45.44 	63.81
49.19 	-45.44 	65.12
49.63 	-45.13 	65.50
50.31 	-44.88 	65.06
50.75 	-44.63 	64.25
50.63 	-44.50 	63.69
50.63 	-44.19 	63.13
50.94 	-44.06 	62.63
50.56 	-43.94 	62.38
50.94 	-43.94 	62.69
51.19 	-44.25 	62.69
51.50 	-44.13 	62.75
51.75 	-43.94 	62.75
52.00 	-43.63 	62.88
52.00 	-43.38 	62.69
51.63 	-43.13 	62.38
51.63 	-42.88 	62.31
51.44 	-42.88 	62.31
51.88 	-42.63 	62.50
51.69 	-42.63 	62.50
51.81 	-42.56 	62.38
51.50 	-42.69 	62.31
51.44 	-42.63 	62.19
50.69 	-42.38 	61.63
50.56 	-42.00 	61.13
50.44 	-41.94 	60.94
50.31 	-41.94 	60.81
50.31 	-41.94 	60.63
50.19 	-41.81 	60.50
50.44 	-41.50 	60.56
50.75 	-41.31 	60.50
50.69 	-41.25 	60.25
50.31 	-41.19 	60.00
50.25 	-41.19 	60.56
50.38 	-40.94 	61.06
50.94 	-41.13 	61.50
51.19 	-41.19 	61.81
51.38 	-41.00 	61.56
50.94 	-40.75 	61.06
50.38 	-40.50 	60.13
49.44 	-39.50 	58.44
48.56 	-37.25 	55.75
48.31 	-33.00 	52.44
49.19 	-26.12 	48.88
49.19 	-15.56 	47.13
49.94 	-1.69 	47.38
51.69 	10.69 	49.50
54.19 	21.81 	52.56
57.13 	31.12 	54.69
60.38 	38.50 	56.13
63.38 	43.94 	56.88
66.75 	48.25 	56.88
70.12 	52.44 	56.38
73.37 	56.81 	55.50
77.25 	62.06 	52.19
81.25 	68.25 	45.13
84.12 	72.06 	39.69
87.37 	74.69 	32.00
90.87 	76.00 	23.31
92.75 	76.44 	14.06
93.44 	76.81 	9.25
94.19 	76.87 	5.81
94.81 	75.94 	4.81
95.06 	76.19 	3.37
95.44 	76.31 	3.81
95.37 	76.25 	5.37
95.69 	76.25 	5.50
95.56 	76.06 	6.62
95.44 	76.12 	8.63
95.37 	75.75 	8.00
95.19 	75.56 	8.94
95.12 	75.44 	8.44
95.00 	75.44 	8.88
94.81 	75.44 	8.94
95.19 	75.44 	8.38
95.37 	75.44 	7.81
95.44 	75.50 	6.81
95.56 	75.37 	7.06
95.75 	75.37 	6.56
95.75 	75.44 	6.69
95.75 	75.37 	5.94
95.94 	75.50 	5.87
95.94 	75.56 	5.75
95.87 	75.62 	6.25
95.94 	75.69 	5.50
96.69 	75.75 	3.44
97.62 	76.06 	1.69
99.06 	75.87 	-3.06
101.69 	74.12 	-13.81
105.12 	70.81 	-27.31
109.81 	67.37 	-40.31
116.31 	63.88 	-49.56
123.06 	60.00 	-53.75
129.00 	56.25 	-55.19
133.69 	53.44 	-55.19
137.06 	50.69 	-53.88
139.19 	48.44 	-53.06
140.19 	47.19 	-53.31
140.12 	47.31 	-53.38
139.00 	48.38 	-53.00
138.19 	48.81 	-52.38
137.37 	49.38 	-52.06
136.50 	49.94 	-52.00
136.12 	50.50 	-52.69
135.81 	51.31 	-53.75
135.25 	52.00 	-53.19
133.25 	53.88 	-51.13
129.50 	58.31 	-46.63
124.31 	64.19 	-40.19
118.69 	69.62 	-30.81
113.94 	73.25 	-21.75
109.19 	75.19 	-13.13
106.75 	75.81 	-6.75
106.12 	75.94 	-4.44
106.12 	75.37 	-4.62
106.56 	75.00 	-6.62
106.12 	75.00 	-5.06
104.31 	75.37 	1.87
101.81 	75.87 	11.88
99.75 	75.37 	15.00
99.87 	75.12 	11.31
100.50 	74.87 	10.25
100.06 	73.94 	16.62
98.06 	72.87 	24.12
96.19 	72.19 	27.06
95.94 	72.62 	25.12
97.00 	73.62 	22.12
101.06 	75.25 	13.75
107.94 	76.25 	-0.06
118.62 	76.56 	-13.44
129.94 	75.75 	-19.50
141.56 	74.44 	-24.56
152.81 	74.00 	-25.44
162.69 	72.94 	-19.00
170.12 	69.50 	-10.69
177.25 	65.75 	-7.37
183.94 	63.94 	-3.25
189.44 	62.56 	6.12
193.56 	59.94 	9.94
197.06 	57.13 	12.31
197.56 	54.69 	15.06
194.81 	52.06 	16.75
188.31 	49.00 	19.00
179.31 	46.50 	20.31
168.31 	44.25 	20.31
154.94 	42.69 	20.50
142.19 	41.13 	19.87
128.44 	39.38 	17.44
115.12 	38.19 	16.12
103.19 	37.31 	14.69
92.31 	37.00 	13.63
81.94 	36.69 	13.13
70.69 	36.75 	14.25
60.19 	37.00 	17.00
49.31 	37.19 	21.31
39.19 	38.31 	27.00
30.00 	40.63 	34.19
22.94 	44.88 	42.75
15.69 	48.19 	51.25
6.75 	49.38 	58.94
358.19 	49.44 	63.25
349.62 	49.38 	67.12
341.12 	48.56 	68.81
333.81 	48.38 	70.31
329.56 	49.56 	71.00
326.44 	50.69 	71.87
324.44 	51.00 	73.06
323.44 	51.13 	73.44
323.44 	50.81 	73.50
324.81 	50.69 	72.94
327.69 	50.44 	71.94
333.62 	50.31 	68.00
344.12 	50.25 	60.38
357.12 	48.56 	48.13
9.06 	44.88 	35.63
21.75 	42.06 	24.31
32.50 	40.44 	16.50
43.06 	40.69 	11.94
55.69 	39.13 	9.50
68.44 	36.19 	7.44
81.81 	34.56 	6.81
95.06 	34.63 	6.37
108.81 	34.63 	6.06
121.56 	33.81 	8.06
133.81 	32.19 	11.38
147.06 	30.69 	14.25
160.69 	30.75 	16.62
174.62 	32.44 	19.12
185.62 	34.44 	20.37
195.37 	36.63 	21.25
203.56 	38.63 	22.00
209.87 	40.94 	20.56
213.56 	42.44 	19.37
212.06 	42.56 	20.06
208.12 	41.50 	19.94
203.56 	40.56 	20.00
198.06 	40.06 	20.56
192.94 	39.25 	20.31
187.50 	37.88 	19.81
180.94 	36.44 	19.62
171.44 	34.38 	19.62
161.25 	32.38 	19.62
148.56 	30.37 	20.12
134.87 	28.81 	20.37
120.94 	27.69 	20.06
108.44 	27.37 	19.19
98.06 	28.94 	20.06
88.87 	31.44 	20.37
80.06 	34.75 	24.44
74.37 	39.69 	29.31
70.00 	43.44 	33.38
68.75 	44.06 	34.06
70.37 	45.00 	34.00
75.94 	48.94 	32.75
85.87 	57.50 	27.94
93.87 	63.19 	19.37
100.00 	65.19 	17.87
105.19 	66.00 	18.44
108.25 	65.87 	20.94
109.56 	66.19 	21.06
109.94 	66.62 	20.62
109.75 	66.81 	21.06
109.44 	66.75 	21.69
109.06 	66.94 	21.94
109.00 	67.37 	21.31
108.94 	67.50 	19.94
108.81 	67.69 	19.44
108.81 	67.87 	19.06
108.69 	68.19 	18.62
108.19 	68.50 	18.25
108.19 	68.87 	18.12
108.31 	69.19 	18.06
108.37 	69.44 	18.06
108.44 	69.50 	17.94
108.19 	69.37 	17.75
108.12 	69.37 	17.56
107.69 	69.06 	17.69
107.56 	68.87 	17.81
107.44 	69.00 	17.94
107.06 	69.12 	17.69
106.87 	69.12 	18.31
107.31 	69.25 	17.94
107.50 	69.31 	17.62
107.62 	69.37 	16.81
107.62 	69.31 	16.69
107.87 	69.37 	16.56
107.62 	69.50 	16.75
