0.629 0.639 0.817 -0.548 -0.235 -0.802 0.689 -0.858 0.873 2025-03-25T13:16:20.594916
0.793 0.680 0.711 -0.529 -0.424 -0.625 0.742 -1.006 1.039 2025-03-25T13:16:20.695176
0.934 0.698 0.654 -0.475 -0.314 -0.668 0.874 -0.856 1.178 2025-03-25T13:16:20.795484
0.858 0.808 0.491 -0.612 -0.391 -0.504 0.964 -0.902 1.157 2025-03-25T13:16:20.895968
0.716 0.671 0.510 -0.694 -0.316 -0.588 0.947 -0.960 1.084 2025-03-25T13:16:20.996270
0.654 0.542 0.517 -0.891 -0.438 -0.566 0.924 -0.820 1.187 2025-03-25T13:16:21.096594
0.666 0.732 0.367 -0.939 -0.370 -0.507 1.118 -0.858 1.313 2025-03-25T13:16:21.197029
0.697 0.536 0.207 -0.997 -0.441 -0.555 1.020 -0.981 1.363 2025-03-25T13:16:21.297402
0.727 0.427 0.059 -0.894 -0.375 -0.662 1.192 -1.178 1.556 2025-03-25T13:16:21.397807
0.663 0.571 0.173 -0.786 -0.484 -0.577 1.290 -1.314 1.730 2025-03-25T13:16:21.498200
0.606 0.490 0.001 -0.685 -0.605 -0.448 1.327 -1.352 1.763 2025-03-25T13:16:21.598680
0.746 0.563 0.095 -0.646 -0.697 -0.350 1.295 -1.335 1.609 2025-03-25T13:16:21.699102
0.659 0.502 0.252 -0.582 -0.818 -0.347 1.231 -1.291 1.515 2025-03-25T13:16:21.799545
0.817 0.612 0.176 -0.718 -0.718 -0.182 1.310 -1.310 1.584 2025-03-25T13:16:21.899999
0.977 0.476 0.102 -0.776 -0.809 -0.144 1.169 -1.200 1.399 2025-03-25T13:16:22.000535
0.862 0.566 0.113 -0.960 -0.659 -0.012 1.010 -1.089 1.277 2025-03-25T13:16:22.100996
0.821 0.551 0.003 -1.047 -0.737 0.040 1.083 -1.244 1.326 2025-03-25T13:16:22.201452
0.786 0.381 0.088 -1.201 -0.926 0.068 0.982 -1.302 1.302 2025-03-25T13:16:22.301880
0.941 0.453 -0.031 -1.144 -1.009 0.140 1.078 -1.175 1.379 2025-03-25T13:16:22.402317
0.932 0.449 0.033 -1.099 -1.138 0.187 0.926 -1.081 1.435 2025-03-25T13:16:22.502821
0.995 0.631 0.001 -1.222 -0.986 0.065 0.820 -1.103 1.498 2025-03-25T13:16:22.603221
1.028 0.546 0.015 -1.393 -0.940 -0.044 0.655 -1.186 1.504 2025-03-25T13:16:22.703749
0.865 0.373 0.011 -1.293 -1.072 0.113 0.719 -1.315 1.495 2025-03-25T13:16:22.804193
0.855 0.481 0.156 -1.350 -1.083 0.268 0.872 -1.180 1.662 2025-03-25T13:16:22.904552
1.013 0.311 0.184 -1.239 -0.884 0.229 0.685 -1.010 1.777 2025-03-25T13:16:23.004941
1.212 0.410 0.006 -1.412 -0.758 0.208 0.711 -0.984 1.824 2025-03-25T13:16:23.105443
1.145 0.602 -0.189 -1.556 -0.815 0.268 0.571 -1.172 1.701 2025-03-25T13:16:23.205945
1.071 0.427 -0.301 -1.520 -0.690 0.158 0.648 -1.128 1.596 2025-03-25T13:16:23.306404
1.190 0.281 -0.325 -1.666 -0.631 0.278 0.460 -1.060 1.595 2025-03-25T13:16:23.406756
1.270 0.303 -0.235 -1.584 -0.464 0.295 0.449 -1.178 1.403 2025-03-25T13:16:23.507156
1.115 0.150 -0.346 -1.511 -0.421 0.410 0.404 -1.344 1.332 2025-03-25T13:16:23.607515
1.298 0.036 -0.541 -1.577 -0.451 0.257 0.256 -1.344 1.327 2025-03-25T13:16:23.707962
1.375 0.120 -0.364 -1.505 -0.278 0.451 0.376 -1.186 1.256 2025-03-25T13:16:23.808346
1.286 -0.074 -0.533 -1.534 -0.097 0.381 0.267 -1.085 1.132 2025-03-25T13:16:23.908840
1.264 -0.203 -0.722 -1.493 -0.210 0.403 0.355 -0.938 1.060 2025-03-25T13:16:24.009229
1.181 -0.364 -0.874 -1.360 -0.300 0.289 0.395 -1.126 0.971 2025-03-25T13:16:24.109716
1.239 -0.191 -0.709 -1.424 -0.379 0.395 0.257 -0.987 0.910 2025-03-25T13:16:24.210195
1.334 -0.120 -0.527 -1.316 -0.460 0.520 0.286 -1.081 0.826 2025-03-25T13:16:24.310393
1.486 0.070 -0.449 -1.291 -0.282 0.542 0.244 -1.235 0.793 2025-03-25T13:16:24.410853
1.374 -0.005 -0.647 -1.299 -0.432 0.726 0.439 -1.143 0.740 2025-03-25T13:16:24.511315
1.306 -0.059 -0.661 -1.397 -0.323 0.805 0.604 -1.035 0.660 2025-03-25T13:16:24.611717
1.504 0.098 -0.855 -1.505 -0.483 0.887 0.586 -1.131 0.829 2025-03-25T13:16:24.712213
1.342 0.035 -0.993 -1.582 -0.421 0.751 0.623 -1.321 0.980 2025-03-25T13:16:24.812687
1.402 -0.096 -0.795 -1.533 -0.418 0.658 0.569 -1.247 0.970 2025-03-25T13:16:24.913178
1.304 -0.030 -0.744 -1.572 -0.486 0.550 0.755 -1.407 0.992 2025-03-25T13:16:25.013647
1.397 -0.195 -0.644 -1.392 -0.524 0.524 0.766 -1.398 0.895 2025-03-25T13:16:25.114209
1.430 -0.079 -0.741 -1.303 -0.453 0.431 0.951 -1.247 0.967 2025-03-25T13:16:25.214575
1.349 0.071 -0.767 -1.452 -0.276 0.290 0.777 -1.130 0.807 2025-03-25T13:16:25.315044
1.450 0.128 -0.573 -1.604 -0.457 0.260 0.700 -1.208 0.807 2025-03-25T13:16:25.415522
1.313 0.076 -0.388 -1.687 -0.646 0.209 0.544 -1.405 0.984 2025-03-25T13:16:25.515981
1.232 0.009 -0.429 -1.579 -0.698 0.379 0.359 -1.449 1.029 2025-03-25T13:16:25.616296
1.384 0.009 -0.508 -1.578 -0.828 0.357 0.168 -1.451 1.105 2025-03-25T13:16:25.716528
1.559 -0.155 -0.574 -1.749 -0.659 0.407 0.123 -1.584 1.035 2025-03-25T13:16:25.816816
1.622 -0.034 -0.628 -1.589 -0.700 0.317 0.214 -1.403 0.975 2025-03-25T13:16:25.917157
1.681 -0.052 -0.709 -1.522 -0.593 0.306 0.202 -1.377 1.115 2025-03-25T13:16:26.017365
1.584 -0.182 -0.866 -1.603 -0.523 0.223 0.392 -1.420 1.075 2025-03-25T13:16:26.117556
1.631 -0.081 -0.917 -1.725 -0.584 0.325 0.523 -1.443 1.163 2025-03-25T13:16:26.217806
1.689 0.017 -0.992 -1.682 -0.768 0.277 0.339 -1.568 0.977 2025-03-25T13:16:26.318205
1.742 -0.030 -0.813 -1.650 -0.658 0.144 0.212 -1.378 1.161 2025-03-25T13:16:26.418624
1.901 -0.008 -0.749 -1.821 -0.492 0.184 0.334 -1.294 1.202 2025-03-25T13:16:26.519029
1.760 -0.070 -0.819 -1.808 -0.297 0.026 0.463 -1.427 1.228 2025-03-25T13:16:26.619401
1.890 -0.040 -0.719 -1.916 -0.288 0.226 0.516 -1.281 1.141 2025-03-25T13:16:26.719767
2.077 0.059 -0.654 -1.738 -0.427 0.175 0.606 -1.476 1.277 2025-03-25T13:16:26.820175
2.095 0.152 -0.787 -1.614 -0.581 0.165 0.502 -1.652 1.346 2025-03-25T13:16:26.920633
2.024 -0.023 -0.927 -1.689 -0.760 0.338 0.377 -1.607 1.215 2025-03-25T13:16:27.020976
1.875 -0.083 -1.103 -1.883 -0.893 0.422 0.450 -1.601 1.383 2025-03-25T13:16:27.121340
1.751 0.019 -1.089 -1.916 -0.999 0.309 0.329 -1.689 1.326 2025-03-25T13:16:27.221736
1.717 0.111 -1.010 -1.938 -0.957 0.426 0.418 -1.812 1.340 2025-03-25T13:16:27.322168
1.525 -0.029 -1.155 -2.017 -1.127 0.240 0.613 -1.614 1.460 2025-03-25T13:16:27.422654
1.501 0.126 -0.961 -1.850 -0.942 0.080 0.485 -1.805 1.435 2025-03-25T13:16:27.523048
1.599 0.191 -0.939 -1.802 -0.766 0.169 0.439 -1.950 1.306 2025-03-25T13:16:27.623411
1.510 0.058 -1.125 -1.735 -0.694 0.035 0.597 -1.769 1.127 2025-03-25T13:16:27.723804
1.350 0.150 -1.202 -1.604 -0.501 -0.133 0.509 -1.657 1.073 2025-03-25T13:16:27.824285
1.247 0.073 -1.061 -1.531 -0.593 -0.323 0.700 -1.546 0.884 2025-03-25T13:16:27.924754
1.404 0.154 -1.055 -1.575 -0.462 -0.216 0.526 -1.407 1.001 2025-03-25T13:16:28.025220
1.421 0.090 -1.047 -1.376 -0.293 -0.146 0.371 -1.517 0.920 2025-03-25T13:16:28.125693
1.486 0.278 -0.852 -1.290 -0.115 -0.345 0.327 -1.544 1.000 2025-03-25T13:16:28.226198
1.393 0.177 -1.031 -1.312 -0.083 -0.238 0.472 -1.551 0.921 2025-03-25T13:16:28.326713
1.454 -0.014 -1.006 -1.167 -0.198 -0.118 0.511 -1.400 0.890 2025-03-25T13:16:28.427212
1.520 -0.163 -0.853 -1.097 -0.139 -0.138 0.378 -1.556 0.832 2025-03-25T13:16:28.527701
1.460 -0.292 -0.665 -0.975 -0.100 -0.278 0.390 -1.693 0.709 2025-03-25T13:16:28.628191
1.365 -0.361 -0.618 -0.834 0.099 -0.208 0.218 -1.797 0.533 2025-03-25T13:16:28.728663
1.326 -0.433 -0.546 -0.687 0.162 -0.039 0.136 -1.889 0.512 2025-03-25T13:16:28.829026
1.355 -0.435 -0.696 -0.756 0.279 -0.228 0.330 -2.087 0.415 2025-03-25T13:16:28.929505
1.490 -0.275 -0.599 -0.687 0.436 -0.245 0.431 -2.173 0.479 2025-03-25T13:16:29.029978
1.328 -0.322 -0.765 -0.620 0.493 -0.056 0.540 -2.369 0.543 2025-03-25T13:16:29.130354
1.451 -0.168 -0.607 -0.707 0.432 -0.109 0.373 -2.278 0.497 2025-03-25T13:16:29.230608
1.328 -0.114 -0.616 -0.564 0.363 -0.026 0.417 -2.142 0.539 2025-03-25T13:16:29.331032
1.301 -0.226 -0.490 -0.607 0.396 0.099 0.610 -2.230 0.556 2025-03-25T13:16:29.431452
1.141 -0.234 -0.332 -0.732 0.413 -0.080 0.699 -2.371 0.460 2025-03-25T13:16:29.531848
1.256 -0.370 -0.246 -0.563 0.341 -0.147 0.883 -2.547 0.312 2025-03-25T13:16:29.632267
1.192 -0.317 -0.330 -0.617 0.179 -0.305 0.807 -2.420 0.455 2025-03-25T13:16:29.732773
1.320 -0.289 -0.423 -0.671 0.198 -0.237 0.852 -2.277 0.423 2025-03-25T13:16:29.833232
1.288 -0.212 -0.292 -0.490 0.156 -0.147 0.859 -2.297 0.588 2025-03-25T13:16:29.933719
1.307 -0.287 -0.469 -0.628 0.303 -0.084 0.685 -2.153 0.517 2025-03-25T13:16:30.034179
1.171 -0.136 -0.611 -0.533 0.254 -0.267 0.819 -2.047 0.427 2025-03-25T13:16:30.134611
1.333 -0.056 -0.588 -0.721 0.314 -0.417 0.813 -2.009 0.240 2025-03-25T13:16:30.235099
1.219 0.030 -0.651 -0.531 0.149 -0.589 0.806 -1.920 0.396 2025-03-25T13:16:30.335666
1.139 0.205 -0.586 -0.415 0.258 -0.775 0.974 -1.900 0.475 2025-03-25T13:16:30.436160
1.182 0.399 -0.411 -0.500 0.225 -0.841 1.124 -1.809 0.298 2025-03-25T13:16:30.536629
1.158 0.444 -0.466 -0.436 0.296 -0.933 1.074 -1.677 0.447 2025-03-25T13:16:30.637173
1.282 0.528 -0.332 -0.494 0.434 -0.922 1.093 -1.644 0.325 2025-03-25T13:16:30.737627
1.365 0.385 -0.260 -0.593 0.326 -1.084 1.241 -1.575 0.345 2025-03-25T13:16:30.837843
1.536 0.473 -0.273 -0.672 0.350 -1.125 1.092 -1.724 0.370 2025-03-25T13:16:30.938059
1.601 0.578 -0.407 -0.715 0.421 -1.220 1.043 -1.748 0.432 2025-03-25T13:16:31.038379
1.658 0.680 -0.555 -0.552 0.256 -1.364 1.211 -1.549 0.510 2025-03-25T13:16:31.138598
1.663 0.790 -0.476 -0.467 0.359 -1.486 1.068 -1.417 0.341 2025-03-25T13:16:31.239083
1.547 0.970 -0.301 -0.647 0.474 -1.301 1.107 -1.281 0.497 2025-03-25T13:16:31.339509
1.430 1.091 -0.143 -0.716 0.489 -1.466 0.926 -1.429 0.474 2025-03-25T13:16:31.439886
1.407 1.224 -0.176 -0.572 0.364 -1.317 0.917 -1.530 0.578 2025-03-25T13:16:31.540357
1.280 1.399 -0.322 -0.712 0.558 -1.485 0.749 -1.490 0.505 2025-03-25T13:16:31.640768
1.158 1.496 -0.466 -0.788 0.621 -1.666 0.605 -1.687 0.481 2025-03-25T13:16:31.741163
1.348 1.445 -0.647 -0.598 0.676 -1.587 0.691 -1.525 0.290 2025-03-25T13:16:31.841541
1.518 1.419 -0.781 -0.688 0.518 -1.608 0.754 -1.703 0.248 2025-03-25T13:16:31.941934
1.513 1.424 -0.842 -0.806 0.632 -1.688 0.767 -1.752 0.118 2025-03-25T13:16:32.042334
1.688 1.415 -0.922 -0.808 0.727 -1.858 0.660 -1.733 -0.071 2025-03-25T13:16:32.142707
1.658 1.418 -0.760 -0.791 0.805 -1.708 0.738 -1.775 0.053 2025-03-25T13:16:32.243089
1.837 1.414 -0.819 -0.616 0.826 -1.877 0.913 -1.948 0.055 2025-03-25T13:16:32.343543
1.734 1.398 -0.943 -0.453 0.931 -2.066 1.059 -1.792 -0.082 2025-03-25T13:16:32.443956
1.888 1.239 -0.868 -0.548 0.978 -2.257 1.056 -1.700 0.105 2025-03-25T13:16:32.544449
1.766 1.316 -0.985 -0.470 0.922 -2.320 1.035 -1.750 0.271 2025-03-25T13:16:32.644910
1.924 1.265 -0.872 -0.297 0.787 -2.177 0.972 -1.613 0.221 2025-03-25T13:16:32.745394
1.887 1.349 -0.794 -0.240 0.884 -2.364 0.876 -1.632 0.364 2025-03-25T13:16:32.845878
1.736 1.331 -0.935 -0.325 0.766 -2.246 0.992 -1.628 0.258 2025-03-25T13:16:32.946340
1.892 1.396 -1.124 -0.488 0.811 -2.068 1.023 -1.614 0.081 2025-03-25T13:16:33.046811
2.013 1.235 -1.031 -0.664 0.653 -1.999 1.003 -1.720 -0.045 2025-03-25T13:16:33.147273
1.831 1.201 -1.186 -0.483 0.527 -2.008 0.978 -1.772 0.074 2025-03-25T13:16:33.247749
1.691 1.216 -1.351 -0.322 0.499 -1.864 0.980 -1.720 0.226 2025-03-25T13:16:33.348095
1.889 1.216 -1.170 -0.397 0.312 -1.770 0.999 -1.766 0.043 2025-03-25T13:16:33.448492
1.757 1.347 -0.981 -0.262 0.317 -1.924 0.940 -1.698 -0.121 2025-03-25T13:16:33.548947
1.694 1.518 -0.931 -0.456 0.369 -1.771 0.861 -1.555 -0.290 2025-03-25T13:16:33.649420
1.745 1.417 -0.766 -0.483 0.278 -1.574 0.714 -1.565 -0.357 2025-03-25T13:16:33.749884
1.596 1.279 -0.653 -0.672 0.234 -1.558 0.725 -1.691 -0.270 2025-03-25T13:16:33.850356
1.727 1.401 -0.478 -0.806 0.035 -1.682 0.749 -1.821 -0.175 2025-03-25T13:16:33.950737
1.543 1.229 -0.616 -0.626 -0.122 -1.666 0.835 -1.695 -0.366 2025-03-25T13:16:34.051144
1.507 1.131 -0.781 -0.593 -0.190 -1.506 1.008 -1.804 -0.417 2025-03-25T13:16:34.151561
1.581 0.995 -0.764 -0.475 -0.373 -1.315 0.984 -1.626 -0.562 2025-03-25T13:16:34.251960
1.637 0.892 -0.657 -0.482 -0.269 -1.419 0.982 -1.777 -0.450 2025-03-25T13:16:34.352360
1.689 0.843 -0.844 -0.466 -0.372 -1.228 0.788 -1.697 -0.313 2025-03-25T13:16:34.452816
1.536 0.778 -0.869 -0.335 -0.181 -1.109 0.810 -1.789 -0.123 2025-03-25T13:16:34.553236
1.633 0.852 -0.701 -0.261 -0.080 -1.028 0.697 -1.845 -0.145 2025-03-25T13:16:34.653714
1.816 0.713 -0.755 -0.181 -0.204 -1.011 0.793 -1.713 -0.085 2025-03-25T13:16:34.754201
1.627 0.625 -0.558 -0.033 -0.351 -1.087 0.861 -1.627 -0.019 2025-03-25T13:16:34.854726
1.553 0.440 -0.518 -0.176 -0.251 -1.089 1.038 -1.803 -0.057 2025-03-25T13:16:34.955185
1.620 0.502 -0.647 -0.023 -0.146 -0.991 1.167 -1.744 -0.129 2025-03-25T13:16:35.055667
1.529 0.512 -0.618 0.140 -0.217 -0.873 1.188 -1.887 -0.197 2025-03-25T13:16:35.156167
1.690 0.348 -0.441 -0.036 -0.088 -0.759 1.150 -1.834 -0.296 2025-03-25T13:16:35.256631
1.643 0.161 -0.279 0.022 -0.213 -0.640 1.332 -1.980 -0.224 2025-03-25T13:16:35.357096
1.705 0.204 -0.111 -0.065 -0.282 -0.622 1.283 -2.146 -0.419 2025-03-25T13:16:35.457605
1.612 0.331 0.007 -0.166 -0.110 -0.561 1.275 -2.131 -0.377 2025-03-25T13:16:35.557926
1.761 0.379 -0.192 -0.107 0.058 -0.661 1.353 -2.230 -0.190 2025-03-25T13:16:35.658331
1.664 0.287 -0.156 0.064 0.131 -0.792 1.218 -2.065 -0.334 2025-03-25T13:16:35.758736
1.715 0.469 -0.347 -0.050 0.162 -0.623 1.275 -2.243 -0.467 2025-03-25T13:16:35.859217
1.545 0.585 -0.406 -0.210 0.020 -0.551 1.217 -2.057 -0.381 2025-03-25T13:16:35.959434
1.466 0.487 -0.587 -0.177 -0.046 -0.671 1.106 -2.252 -0.564 2025-03-25T13:16:36.059826
1.551 0.611 -0.643 -0.026 -0.111 -0.690 1.169 -2.195 -0.588 2025-03-25T13:16:36.160292
1.573 0.694 -0.693 -0.151 -0.106 -0.665 0.976 -2.377 -0.695 2025-03-25T13:16:36.260669
1.750 0.816 -0.573 -0.205 -0.045 -0.609 1.111 -2.569 -0.642 2025-03-25T13:16:36.361043
1.866 0.910 -0.642 -0.076 -0.187 -0.519 1.087 -2.460 -0.567 2025-03-25T13:16:36.461436
1.718 0.752 -0.601 -0.191 -0.124 -0.497 0.948 -2.319 -0.629 2025-03-25T13:16:36.561860
1.599 0.679 -0.790 -0.204 -0.267 -0.674 0.812 -2.354 -0.724 2025-03-25T13:16:36.662249
1.616 0.830 -0.637 -0.338 -0.151 -0.807 0.697 -2.303 -0.550 2025-03-25T13:16:36.762641
1.742 0.681 -0.575 -0.428 -0.098 -0.634 0.637 -2.291 -0.702 2025-03-25T13:16:36.863036
1.586 0.763 -0.575 -0.522 -0.012 -0.737 0.559 -2.464 -0.887 2025-03-25T13:16:36.963412
1.611 0.960 -0.600 -0.491 -0.100 -0.642 0.549 -2.642 -0.944 2025-03-25T13:16:37.063787
1.613 1.034 -0.716 -0.590 -0.195 -0.730 0.560 -2.659 -1.047 2025-03-25T13:16:37.164188
1.441 0.902 -0.850 -0.654 -0.110 -0.788 0.691 -2.690 -0.892 2025-03-25T13:16:37.264555
1.603 1.057 -0.720 -0.629 0.063 -0.665 0.858 -2.724 -0.875 2025-03-25T13:16:37.365045
1.744 1.205 -0.540 -0.713 0.011 -0.608 1.019 -2.716 -1.041 2025-03-25T13:16:37.465548
1.922 1.253 -0.701 -0.647 -0.132 -0.484 0.961 -2.537 -0.939 2025-03-25T13:16:37.566033
2.049 1.063 -0.830 -0.561 -0.131 -0.399 1.142 -2.725 -0.891 2025-03-25T13:16:37.666422
1.959 0.924 -0.961 -0.643 -0.237 -0.595 1.050 -2.564 -0.978 2025-03-25T13:16:37.766937
2.038 0.747 -1.094 -0.612 -0.252 -0.511 0.867 -2.593 -0.937 2025-03-25T13:16:37.867397
1.975 0.931 -0.942 -0.727 -0.294 -0.612 0.852 -2.593 -0.929 2025-03-25T13:16:37.967781
1.793 0.799 -0.824 -0.639 -0.177 -0.509 0.951 -2.678 -0.949 2025-03-25T13:16:38.068183
1.805 0.644 -0.674 -0.556 -0.024 -0.536 0.920 -2.578 -0.989 2025-03-25T13:16:38.168573
1.849 0.783 -0.714 -0.402 -0.200 -0.617 0.955 -2.490 -1.089 2025-03-25T13:16:38.268975
2.043 0.840 -0.806 -0.517 -0.054 -0.651 1.052 -2.541 -1.121 2025-03-25T13:16:38.369452
1.908 1.016 -0.867 -0.690 0.064 -0.526 1.116 -2.425 -1.004 2025-03-25T13:16:38.469929
1.753 1.018 -0.896 -0.833 0.061 -0.349 0.961 -2.370 -0.967 2025-03-25T13:16:38.570316
1.812 0.972 -0.877 -0.863 -0.022 -0.411 0.908 -2.284 -0.837 2025-03-25T13:16:38.670529
1.647 0.862 -1.054 -0.912 0.104 -0.455 0.905 -2.105 -0.735 2025-03-25T13:16:38.771026
1.732 0.733 -1.073 -0.970 0.030 -0.501 0.769 -2.124 -0.650 2025-03-25T13:16:38.871413
1.843 0.828 -1.188 -0.929 -0.031 -0.523 0.938 -2.209 -0.692 2025-03-25T13:16:38.971890
2.017 0.841 -1.136 -0.873 0.129 -0.715 1.035 -2.389 -0.766 2025-03-25T13:16:39.072351
2.150 1.022 -1.301 -0.712 0.125 -0.644 0.918 -2.257 -0.656 2025-03-25T13:16:39.172749
2.261 1.183 -1.373 -0.614 0.228 -0.784 0.960 -2.073 -0.503 2025-03-25T13:16:39.273221
2.387 1.200 -1.422 -0.631 0.214 -0.791 1.101 -2.115 -0.358 2025-03-25T13:16:39.373692
2.226 1.349 -1.428 -0.796 0.133 -0.732 1.289 -2.129 -0.339 2025-03-25T13:16:39.474176
2.198 1.283 -1.254 -0.714 0.313 -0.667 1.332 -2.303 -0.165 2025-03-25T13:16:39.574648
2.029 1.425 -1.227 -0.791 0.460 -0.507 1.450 -2.248 -0.249 2025-03-25T13:16:39.675151
2.162 1.354 -1.341 -0.773 0.488 -0.322 1.460 -2.110 -0.263 2025-03-25T13:16:39.775648
2.076 1.461 -1.163 -0.734 0.299 -0.320 1.480 -2.227 -0.325 2025-03-25T13:16:39.876197
1.902 1.395 -1.288 -0.848 0.372 -0.173 1.444 -2.189 -0.512 2025-03-25T13:16:39.976670
1.850 1.353 -1.189 -0.805 0.373 -0.348 1.276 -2.142 -0.555 2025-03-25T13:16:40.077172
1.796 1.416 -1.239 -0.714 0.440 -0.502 1.368 -2.055 -0.739 2025-03-25T13:16:40.177613
1.825 1.609 -1.185 -0.582 0.583 -0.350 1.295 -2.151 -0.615 2025-03-25T13:16:40.277992
1.991 1.412 -1.239 -0.521 0.686 -0.429 1.271 -2.301 -0.741 2025-03-25T13:16:40.378495
2.076 1.285 -1.313 -0.454 0.667 -0.266 1.220 -2.128 -0.720 2025-03-25T13:16:40.478696
2.246 1.464 -1.317 -0.617 0.617 -0.459 1.053 -2.039 -0.647 2025-03-25T13:16:40.579043
2.370 1.330 -1.430 -0.501 0.703 -0.345 1.015 -2.197 -0.578 2025-03-25T13:16:40.679413
2.208 1.492 -1.461 -0.699 0.599 -0.276 1.047 -2.051 -0.552 2025-03-25T13:16:40.779794
2.139 1.543 -1.384 -0.732 0.438 -0.264 0.900 -2.058 -0.526 2025-03-25T13:16:40.880191
2.309 1.481 -1.370 -0.689 0.486 -0.085 0.992 -1.931 -0.453 2025-03-25T13:16:40.980578
2.470 1.573 -1.482 -0.800 0.669 -0.261 1.107 -2.057 -0.542 2025-03-25T13:16:41.080987
2.446 1.657 -1.592 -0.769 0.644 -0.263 1.114 -2.239 -0.492 2025-03-25T13:16:41.181389
2.502 1.538 -1.771 -0.866 0.572 -0.256 1.033 -2.138 -0.631 2025-03-25T13:16:41.281789
2.587 1.611 -1.682 -1.019 0.445 -0.241 1.218 -2.084 -0.534 2025-03-25T13:16:41.382197
2.764 1.547 -1.540 -1.214 0.491 -0.130 1.257 -2.098 -0.711 2025-03-25T13:16:41.482791
2.757 1.601 -1.606 -1.184 0.680 -0.248 1.448 -2.196 -0.703 2025-03-25T13:16:41.583256
2.649 1.602 -1.739 -1.093 0.812 -0.207 1.395 -2.242 -0.748 2025-03-25T13:16:41.683767
2.661 1.592 -1.850 -1.094 0.742 -0.173 1.512 -2.275 -0.909 2025-03-25T13:16:41.784172
2.568 1.647 -1.821 -1.090 0.630 -0.352 1.420 -2.407 -1.068 2025-03-25T13:16:41.884538
2.522 1.716 -1.970 -1.241 0.649 -0.294 1.600 -2.344 -1.202 2025-03-25T13:16:41.984912
2.518 1.690 -1.941 -1.103 0.604 -0.130 1.424 -2.460 -1.104 2025-03-25T13:16:42.085320
2.500 1.715 -2.099 -1.165 0.562 0.051 1.264 -2.525 -1.039 2025-03-25T13:16:42.185769
2.372 1.800 -2.264 -1.170 0.713 0.142 1.137 -2.355 -1.182 2025-03-25T13:16:42.286261
2.523 1.653 -2.303 -1.166 0.565 0.200 1.037 -2.441 -1.291 2025-03-25T13:16:42.386741
2.484 1.531 -2.337 -1.005 0.517 0.183 1.235 -2.455 -1.136 2025-03-25T13:16:42.487214
2.477 1.616 -2.409 -1.179 0.712 0.050 1.123 -2.643 -0.976 2025-03-25T13:16:42.587484
2.319 1.656 -2.304 -1.053 0.807 0.240 1.039 -2.570 -1.038 2025-03-25T13:16:42.687906
2.364 1.670 -2.476 -1.019 0.784 0.398 1.092 -2.765 -1.153 2025-03-25T13:16:42.788240
2.178 1.856 -2.392 -1.023 0.764 0.560 1.018 -2.691 -1.131 2025-03-25T13:16:42.888624
2.371 1.888 -2.197 -1.168 0.609 0.755 0.958 -2.864 -1.229 2025-03-25T13:16:42.989084
2.380 1.909 -2.279 -1.245 0.601 0.813 0.863 -2.757 -1.143 2025-03-25T13:16:43.089589
2.433 1.979 -2.199 -1.139 0.430 0.924 0.702 -2.761 -1.224 2025-03-25T13:16:43.190053
2.437 2.076 -2.010 -1.025 0.587 0.842 0.789 -2.721 -1.111 2025-03-25T13:16:43.290546
2.295 2.176 -2.197 -0.993 0.541 0.955 0.823 -2.628 -1.064 2025-03-25T13:16:43.391008
2.324 2.062 -2.390 -0.859 0.501 1.062 0.745 -2.526 -0.923 2025-03-25T13:16:43.491494
2.187 2.240 -2.437 -1.037 0.568 1.077 0.889 -2.507 -0.815 2025-03-25T13:16:43.591975
2.170 2.285 -2.586 -1.125 0.535 0.989 1.037 -2.528 -0.971 2025-03-25T13:16:43.692440
2.024 2.257 -2.672 -1.114 0.666 1.188 1.195 -2.362 -0.892 2025-03-25T13:16:43.792809
1.954 2.152 -2.654 -1.212 0.620 1.138 1.039 -2.486 -0.705 2025-03-25T13:16:43.893280
2.007 2.059 -2.621 -1.023 0.495 1.007 1.153 -2.530 -0.567 2025-03-25T13:16:43.993699
2.034 2.152 -2.821 -1.172 0.321 0.946 1.271 -2.352 -0.759 2025-03-25T13:16:44.094152
2.102 2.140 -2.678 -1.247 0.274 0.887 1.445 -2.215 -0.798 2025-03-25T13:16:44.194506
1.908 2.104 -2.769 -1.389 0.139 0.977 1.317 -2.092 -0.617 2025-03-25T13:16:44.294818
2.041 2.265 -2.695 -1.235 0.022 1.140 1.272 -1.894 -0.452 2025-03-25T13:16:44.395074
1.981 2.447 -2.591 -1.434 0.128 1.310 1.330 -1.959 -0.622 2025-03-25T13:16:44.495496
1.805 2.445 -2.756 -1.323 0.308 1.454 1.310 -2.122 -0.447 2025-03-25T13:16:44.595901
1.992 2.287 -2.733 -1.358 0.172 1.624 1.177 -2.311 -0.366 2025-03-25T13:16:44.696315
1.797 2.349 -2.629 -1.463 0.078 1.498 1.270 -2.300 -0.338 2025-03-25T13:16:44.796717
1.747 2.457 -2.548 -1.569 0.206 1.448 1.193 -2.110 -0.442 2025-03-25T13:16:44.897109
1.666 2.475 -2.538 -1.649 0.280 1.278 1.384 -2.217 -0.391 2025-03-25T13:16:44.997559
1.610 2.555 -2.435 -1.685 0.277 1.172 1.367 -2.067 -0.312 2025-03-25T13:16:45.097933
1.747 2.656 -2.452 -1.843 0.332 1.081 1.292 -2.214 -0.330 2025-03-25T13:16:45.198325
1.611 2.652 -2.266 -1.805 0.327 1.118 1.446 -2.281 -0.520 2025-03-25T13:16:45.298530
1.454 2.811 -2.423 -1.686 0.310 1.152 1.287 -2.258 -0.367 2025-03-25T13:16:45.398988
1.367 2.664 -2.416 -1.593 0.236 1.011 1.423 -2.169 -0.520 2025-03-25T13:16:45.499230
1.448 2.732 -2.274 -1.515 0.106 1.120 1.456 -2.068 -0.585 2025-03-25T13:16:45.599460
1.458 2.658 -2.208 -1.500 0.032 1.120 1.415 -1.894 -0.735 2025-03-25T13:16:45.699841
1.632 2.851 -2.241 -1.402 -0.139 1.156 1.224 -1.943 -0.848 2025-03-25T13:16:45.800350
1.441 2.893 -2.064 -1.530 -0.193 1.097 1.222 -2.073 -0.826 2025-03-25T13:16:45.900716
1.632 2.934 -1.916 -1.471 -0.122 1.190 1.334 -2.186 -0.840 2025-03-25T13:16:46.001138
1.566 2.827 -1.818 -1.496 -0.148 1.241 1.426 -2.174 -0.700 2025-03-25T13:16:46.101555
1.609 2.962 -1.665 -1.686 -0.317 1.190 1.329 -2.020 -0.646 2025-03-25T13:16:46.201943
1.610 2.943 -1.759 -1.562 -0.223 1.158 1.166 -1.884 -0.844 2025-03-25T13:16:46.302434
1.508 2.813 -1.811 -1.623 -0.112 1.245 1.075 -1.741 -0.973 2025-03-25T13:16:46.402942
1.700 2.991 -1.828 -1.588 -0.075 1.108 1.226 -1.712 -1.066 2025-03-25T13:16:46.503370
1.519 2.975 -1.672 -1.609 -0.215 0.948 1.151 -1.896 -1.099 2025-03-25T13:16:46.603803
1.634 3.005 -1.677 -1.517 -0.105 1.043 0.965 -2.020 -0.996 2025-03-25T13:16:46.704216
1.658 2.817 -1.687 -1.494 -0.196 1.042 1.111 -2.013 -0.890 2025-03-25T13:16:46.804633
1.804 2.954 -1.628 -1.482 0.001 0.921 1.162 -2.082 -0.831 2025-03-25T13:16:46.905036
1.876 3.113 -1.574 -1.648 0.063 0.978 1.132 -2.268 -0.772 2025-03-25T13:16:47.005441
1.902 3.145 -1.647 -1.592 -0.103 1.126 0.948 -2.238 -0.931 2025-03-25T13:16:47.105661
1.753 3.308 -1.535 -1.617 -0.275 1.256 0.830 -2.086 -1.113 2025-03-25T13:16:47.206061
1.571 3.164 -1.603 -1.464 -0.129 1.270 1.015 -1.945 -0.939 2025-03-25T13:16:47.306594
1.758 3.204 -1.531 -1.565 -0.155 1.224 1.045 -1.780 -1.125 2025-03-25T13:16:47.407113
1.710 3.189 -1.499 -1.442 -0.204 1.151 1.040 -1.901 -1.220 2025-03-25T13:16:47.507645
1.735 3.248 -1.553 -1.456 -0.062 1.312 1.122 -1.882 -1.418 2025-03-25T13:16:47.607931
1.820 3.307 -1.723 -1.435 0.008 1.120 1.021 -1.965 -1.225 2025-03-25T13:16:47.708272
1.746 3.170 -1.660 -1.568 0.069 0.967 0.892 -2.158 -1.133 2025-03-25T13:16:47.808693
1.800 3.267 -1.580 -1.434 0.029 0.919 0.703 -2.135 -1.248 2025-03-25T13:16:47.909176
1.748 3.398 -1.493 -1.455 -0.073 0.977 0.685 -2.026 -1.223 2025-03-25T13:16:48.009718
1.804 3.455 -1.366 -1.601 -0.024 1.015 0.824 -2.146 -1.342 2025-03-25T13:16:48.110095
1.823 3.415 -1.509 -1.659 -0.034 0.865 0.899 -2.330 -1.152 2025-03-25T13:16:48.210548
2.009 3.378 -1.343 -1.657 -0.194 0.993 1.077 -2.227 -1.091 2025-03-25T13:16:48.311010
1.935 3.472 -1.542 -1.664 0.004 1.095 0.954 -2.095 -1.029 2025-03-25T13:16:48.411413
1.872 3.321 -1.668 -1.717 -0.038 1.079 0.910 -2.062 -0.929 2025-03-25T13:16:48.511829
1.974 3.345 -1.654 -1.666 0.019 0.987 0.908 -2.185 -0.999 2025-03-25T13:16:48.612261
1.788 3.354 -1.520 -1.806 0.020 0.801 0.964 -2.175 -0.849 2025-03-25T13:16:48.712779
1.897 3.257 -1.373 -1.784 0.053 0.745 1.125 -2.026 -1.006 2025-03-25T13:16:48.813330
2.000 3.111 -1.492 -1.973 0.074 0.587 1.178 -2.022 -0.917 2025-03-25T13:16:48.913764
1.804 3.172 -1.559 -1.781 0.169 0.688 1.069 -1.909 -0.776 2025-03-25T13:16:49.014252
1.962 3.065 -1.425 -1.688 0.003 0.574 1.072 -1.764 -0.581 2025-03-25T13:16:49.114686
2.136 3.226 -1.412 -1.512 -0.035 0.405 1.156 -1.857 -0.705 2025-03-25T13:16:49.215220
2.333 3.311 -1.472 -1.345 -0.063 0.597 1.148 -1.764 -0.588 2025-03-25T13:16:49.315477
2.185 3.128 -1.469 -1.149 -0.229 0.624 1.004 -1.960 -0.764 2025-03-25T13:16:49.416010
2.362 3.311 -1.380 -1.033 -0.047 0.675 1.008 -2.139 -0.587 2025-03-25T13:16:49.516699
2.553 3.400 -1.293 -0.912 0.030 0.654 0.974 -2.284 -0.526 2025-03-25T13:16:49.617136
2.531 3.390 -1.104 -0.875 -0.161 0.466 0.850 -2.426 -0.618 2025-03-25T13:16:49.717648
2.420 3.552 -1.060 -0.856 0.024 0.625 0.903 -2.302 -0.613 2025-03-25T13:16:49.818146
2.312 3.363 -0.903 -0.826 0.141 0.823 1.011 -2.373 -0.420 2025-03-25T13:16:49.918641
2.158 3.253 -0.728 -0.756 0.213 0.785 1.035 -2.404 -0.340 2025-03-25T13:16:50.019177
2.206 3.314 -0.716 -0.767 0.172 0.720 1.159 -2.588 -0.183 2025-03-25T13:16:50.119601
2.058 3.315 -0.521 -0.794 0.241 0.558 1.351 -2.466 -0.069 2025-03-25T13:16:50.219837
2.245 3.326 -0.484 -0.879 0.277 0.651 1.399 -2.401 -0.192 2025-03-25T13:16:50.320144
2.108 3.278 -0.303 -0.818 0.300 0.676 1.317 -2.584 -0.139 2025-03-25T13:16:50.420412
1.980 3.288 -0.425 -0.673 0.429 0.743 1.332 -2.774 -0.289 2025-03-25T13:16:50.520935
1.786 3.163 -0.532 -0.779 0.336 0.676 1.379 -2.787 -0.099 2025-03-25T13:16:50.621350
1.753 3.037 -0.407 -0.686 0.255 0.517 1.229 -2.921 -0.071 2025-03-25T13:16:50.721762
1.810 2.937 -0.475 -0.575 0.199 0.392 1.215 -2.912 0.102 2025-03-25T13:16:50.822198
1.627 2.931 -0.308 -0.555 0.116 0.578 1.377 -3.073 -0.030 2025-03-25T13:16:50.922730
1.481 2.870 -0.403 -0.396 0.305 0.633 1.566 -2.882 -0.061 2025-03-25T13:16:51.023177
1.578 3.058 -0.399 -0.398 0.360 0.500 1.674 -2.981 -0.178 2025-03-25T13:16:51.123599
1.493 3.222 -0.212 -0.591 0.411 0.570 1.708 -3.088 -0.113 2025-03-25T13:16:51.224029
1.605 3.167 -0.244 -0.514 0.560 0.688 1.902 -3.159 0.024 2025-03-25T13:16:51.324445
1.589 3.285 -0.384 -0.491 0.589 0.536 1.878 -2.981 -0.162 2025-03-25T13:16:51.424849
1.610 3.349 -0.450 -0.583 0.510 0.567 1.890 -3.006 -0.357 2025-03-25T13:16:51.525285
1.488 3.412 -0.440 -0.396 0.329 0.547 1.957 -2.868 -0.505 2025-03-25T13:16:51.625698
1.675 3.461 -0.480 -0.555 0.290 0.353 1.857 -2.817 -0.551 2025-03-25T13:16:51.726091
1.824 3.409 -0.330 -0.368 0.267 0.432 1.937 -2.631 -0.661 2025-03-25T13:16:51.826528
1.693 3.376 -0.183 -0.516 0.372 0.563 2.048 -2.817 -0.797 2025-03-25T13:16:51.926975
1.864 3.378 -0.176 -0.669 0.538 0.667 1.962 -2.927 -0.849 2025-03-25T13:16:52.027507
1.785 3.233 -0.365 -0.754 0.343 0.823 2.098 -3.030 -0.970 2025-03-25T13:16:52.128015
1.919 3.184 -0.201 -0.935 0.161 0.842 1.993 -2.885 -0.942 2025-03-25T13:16:52.228252
2.070 3.017 -0.013 -0.922 0.210 0.957 1.934 -2.979 -1.041 2025-03-25T13:16:52.328758
2.065 2.985 -0.058 -1.089 0.272 0.923 2.003 -3.071 -1.088 2025-03-25T13:16:52.429285
2.051 2.791 -0.006 -0.942 0.404 0.906 1.852 -3.210 -1.002 2025-03-25T13:16:52.529800
1.859 2.833 0.167 -0.869 0.284 1.089 2.039 -3.157 -0.972 2025-03-25T13:16:52.630308
1.932 2.790 0.094 -0.751 0.431 1.135 2.225 -3.054 -0.974 2025-03-25T13:16:52.730804
1.934 2.717 -0.099 -0.684 0.372 1.042 2.140 -2.933 -0.908 2025-03-25T13:16:52.831320
1.769 2.705 -0.290 -0.674 0.426 1.209 1.976 -3.032 -0.836 2025-03-25T13:16:52.931824
1.818 2.878 -0.185 -0.609 0.506 1.060 2.138 -3.045 -0.909 2025-03-25T13:16:53.032319
1.724 2.977 -0.336 -0.496 0.441 1.138 2.180 -3.128 -1.056 2025-03-25T13:16:53.132814
1.883 3.052 -0.332 -0.473 0.551 1.131 2.008 -3.126 -1.148 2025-03-25T13:16:53.233301
2.020 3.111 -0.271 -0.653 0.459 1.316 2.058 -3.207 -1.115 2025-03-25T13:16:53.333533
1.911 3.279 -0.119 -0.737 0.517 1.405 2.194 -3.398 -1.027 2025-03-25T13:16:53.433966
2.094 3.110 -0.229 -0.654 0.556 1.476 2.134 -3.314 -1.163 2025-03-25T13:16:53.534374
2.091 3.178 -0.384 -0.804 0.531 1.409 2.294 -3.494 -1.198 2025-03-25T13:16:53.634898
2.233 3.366 -0.494 -0.813 0.509 1.471 2.468 -3.394 -1.057 2025-03-25T13:16:53.735407
2.065 3.333 -0.480 -0.634 0.533 1.514 2.324 -3.475 -1.071 2025-03-25T13:16:53.835916
1.898 3.201 -0.414 -0.796 0.521 1.577 2.216 -3.443 -1.170 2025-03-25T13:16:53.936415
1.822 3.176 -0.391 -0.760 0.680 1.427 2.086 -3.433 -1.201 2025-03-25T13:16:54.036916
1.639 3.082 -0.278 -0.753 0.794 1.232 2.107 -3.332 -1.348 2025-03-25T13:16:54.137321
1.536 3.166 -0.339 -0.567 0.612 1.356 2.032 -3.285 -1.379 2025-03-25T13:16:54.237728
1.367 3.312 -0.150 -0.387 0.518 1.422 2.069 -3.233 -1.468 2025-03-25T13:16:54.338213
1.281 3.273 -0.032 -0.474 0.397 1.337 2.103 -3.150 -1.397 2025-03-25T13:16:54.438718
1.261 3.207 -0.080 -0.380 0.371 1.266 2.098 -3.234 -1.580 2025-03-25T13:16:54.539215
1.435 3.382 0.029 -0.370 0.425 1.397 2.023 -3.431 -1.702 2025-03-25T13:16:54.639641
1.548 3.226 0.087 -0.312 0.267 1.355 2.028 -3.367 -1.777 2025-03-25T13:16:54.739930
1.476 3.154 -0.003 -0.342 0.181 1.308 1.904 -3.269 -1.764 2025-03-25T13:16:54.840214
1.277 3.284 0.174 -0.537 0.153 1.309 1.758 -3.331 -1.907 2025-03-25T13:16:54.940485
1.248 3.101 0.113 -0.448 0.119 1.314 1.595 -3.254 -1.775 2025-03-25T13:16:55.040779
1.173 3.258 0.190 -0.520 0.024 1.145 1.550 -3.120 -1.621 2025-03-25T13:16:55.141035
1.196 3.328 0.087 -0.479 -0.028 1.289 1.639 -3.300 -1.666 2025-03-25T13:16:55.241349
1.125 3.521 -0.083 -0.607 -0.140 1.459 1.653 -3.133 -1.752 2025-03-25T13:16:55.341747
1.183 3.696 0.056 -0.608 -0.053 1.413 1.749 -3.187 -1.813 2025-03-25T13:16:55.442172
1.156 3.774 -0.097 -0.619 -0.208 1.447 1.686 -3.142 -1.924 2025-03-25T13:16:55.542660
1.285 3.814 0.031 -0.659 -0.242 1.575 1.597 -3.156 -1.758 2025-03-25T13:16:55.642995
1.289 3.708 0.115 -0.593 -0.410 1.726 1.482 -3.244 -1.882 2025-03-25T13:16:55.743335
1.161 3.560 0.194 -0.606 -0.387 1.668 1.574 -3.202 -1.837 2025-03-25T13:16:55.843776
1.199 3.489 0.129 -0.560 -0.465 1.518 1.710 -3.299 -2.008 2025-03-25T13:16:55.944210
1.220 3.670 -0.001 -0.577 -0.515 1.592 1.548 -3.467 -2.127 2025-03-25T13:16:56.044570
1.307 3.626 -0.101 -0.433 -0.608 1.665 1.484 -3.617 -2.084 2025-03-25T13:16:56.144933
1.280 3.752 0.018 -0.255 -0.427 1.862 1.484 -3.766 -1.976 2025-03-25T13:16:56.245278
1.344 3.923 0.051 -0.115 -0.583 1.682 1.564 -3.629 -2.146 2025-03-25T13:16:56.345616
1.170 4.012 0.142 -0.189 -0.497 1.647 1.743 -3.549 -2.041 2025-03-25T13:16:56.445981
1.158 4.073 0.329 -0.139 -0.495 1.571 1.722 -3.606 -2.239 2025-03-25T13:16:56.546341
1.224 3.926 0.232 -0.276 -0.392 1.455 1.604 -3.776 -2.187 2025-03-25T13:16:56.646718
1.189 3.895 0.343 -0.362 -0.340 1.559 1.653 -3.600 -2.117 2025-03-25T13:16:56.747084
1.104 3.909 0.150 -0.171 -0.209 1.735 1.454 -3.746 -2.003 2025-03-25T13:16:56.847480
1.294 4.005 0.319 -0.167 -0.367 1.921 1.258 -3.581 -2.201 2025-03-25T13:16:56.947957
1.202 4.159 0.237 -0.327 -0.518 2.112 1.357 -3.681 -2.292 2025-03-25T13:16:57.048422
1.342 4.311 0.079 -0.301 -0.584 2.016 1.390 -3.672 -2.213 2025-03-25T13:16:57.148892
1.151 4.149 -0.117 -0.236 -0.517 1.987 1.561 -3.771 -2.014 2025-03-25T13:16:57.249352
1.148 4.170 -0.152 -0.265 -0.418 1.833 1.400 -3.842 -2.069 2025-03-25T13:16:57.349807
1.154 4.011 -0.261 -0.386 -0.474 1.979 1.457 -3.671 -1.938 2025-03-25T13:16:57.450291
1.084 3.852 -0.422 -0.518 -0.651 2.004 1.568 -3.866 -1.963 2025-03-25T13:16:57.550754
1.270 3.836 -0.491 -0.428 -0.466 2.157 1.666 -4.043 -1.869 2025-03-25T13:16:57.651231
1.370 3.650 -0.468 -0.308 -0.536 2.095 1.762 -3.906 -2.020 2025-03-25T13:16:57.751713
1.270 3.789 -0.586 -0.395 -0.454 2.036 1.770 -3.903 -1.996 2025-03-25T13:16:57.852207
1.150 3.982 -0.750 -0.328 -0.358 1.900 1.735 -3.930 -1.815 2025-03-25T13:16:57.952679
0.961 4.079 -0.868 -0.442 -0.496 2.045 1.545 -3.875 -1.794 2025-03-25T13:16:58.053186
0.828 3.975 -0.875 -0.595 -0.658 2.163 1.633 -3.943 -1.733 2025-03-25T13:16:58.153561
1.024 3.992 -0.759 -0.559 -0.598 2.202 1.785 -4.006 -1.713 2025-03-25T13:16:58.253952
1.121 4.002 -0.726 -0.599 -0.733 2.127 1.598 -3.994 -1.739 2025-03-25T13:16:58.354420
1.032 3.991 -0.824 -0.598 -0.838 1.959 1.438 -4.001 -1.888 2025-03-25T13:16:58.454831
0.933 3.809 -0.988 -0.774 -0.735 2.032 1.560 -4.043 -1.820 2025-03-25T13:16:58.555362
1.116 3.715 -1.092 -0.818 -0.770 1.889 1.632 -4.007 -1.803 2025-03-25T13:16:58.655845
1.205 3.898 -1.161 -0.629 -0.950 1.729 1.691 -4.095 -1.938 2025-03-25T13:16:58.756322
1.359 3.780 -1.196 -0.825 -1.128 1.654 1.577 -3.985 -1.800 2025-03-25T13:16:58.856773
1.388 3.935 -1.275 -0.897 -1.220 1.726 1.732 -4.158 -1.764 2025-03-25T13:16:58.957211
1.295 3.972 -1.449 -0.938 -1.209 1.849 1.778 -4.234 -1.635 2025-03-25T13:16:59.057654
1.392 4.050 -1.545 -0.773 -1.407 1.661 1.792 -4.104 -1.504 2025-03-25T13:16:59.158166
1.211 3.887 -1.468 -0.804 -1.348 1.725 1.929 -4.302 -1.454 2025-03-25T13:16:59.258737
1.306 3.848 -1.303 -0.752 -1.444 1.554 1.966 -4.143 -1.296 2025-03-25T13:16:59.359099
1.488 3.923 -1.416 -0.642 -1.409 1.611 2.053 -3.951 -1.495 2025-03-25T13:16:59.459470
1.392 3.813 -1.461 -0.665 -1.566 1.436 2.212 -4.044 -1.603 2025-03-25T13:16:59.559832
1.571 3.976 -1.350 -0.575 -1.659 1.253 2.144 -3.984 -1.512 2025-03-25T13:16:59.660177
1.606 3.871 -1.167 -0.489 -1.709 1.100 2.291 -3.839 -1.664 2025-03-25T13:16:59.760538
1.417 3.895 -1.342 -0.390 -1.539 0.932 2.489 -3.721 -1.861 2025-03-25T13:16:59.860906
1.357 3.740 -1.430 -0.275 -1.470 1.006 2.399 -3.557 -1.826 2025-03-25T13:16:59.961148
1.522 3.815 -1.345 -0.290 -1.621 1.156 2.387 -3.574 -1.842 2025-03-25T13:17:00.061350
1.602 3.965 -1.461 -0.306 -1.510 1.179 2.190 -3.764 -1.897 2025-03-25T13:17:00.161552
1.426 4.051 -1.329 -0.335 -1.507 1.126 2.222 -3.884 -1.875 2025-03-25T13:17:00.261707
1.514 4.048 -1.479 -0.502 -1.509 1.160 2.214 -4.048 -1.804 2025-03-25T13:17:00.361878
1.484 4.025 -1.626 -0.351 -1.425 1.184 2.053 -3.874 -1.706 2025-03-25T13:17:00.462098
1.303 4.119 -1.714 -0.444 -1.400 1.351 2.014 -3.783 -1.639 2025-03-25T13:17:00.562323
1.471 4.004 -1.638 -0.362 -1.296 1.380 1.973 -3.659 -1.685 2025-03-25T13:17:00.662517
1.620 3.855 -1.498 -0.393 -1.386 1.268 1.997 -3.841 -1.805 2025-03-25T13:17:00.762728
1.664 3.815 -1.299 -0.468 -1.513 1.158 2.169 -3.857 -1.909 2025-03-25T13:17:00.862949
1.702 3.760 -1.191 -0.560 -1.436 1.141 2.333 -3.934 -1.967 2025-03-25T13:17:00.963204
1.661 3.874 -1.082 -0.557 -1.334 1.194 2.357 -3.741 -1.856 2025-03-25T13:17:01.063454
1.594 3.887 -0.974 -0.731 -1.145 1.129 2.190 -3.569 -1.821 2025-03-25T13:17:01.163728
1.607 3.818 -0.827 -0.611 -1.013 1.274 2.218 -3.595 -1.719 2025-03-25T13:17:01.264151
1.640 3.975 -0.962 -0.487 -1.036 1.464 2.362 -3.701 -1.718 2025-03-25T13:17:01.364342
1.705 4.167 -0.801 -0.520 -1.095 1.511 2.460 -3.592 -1.721 2025-03-25T13:17:01.464727
1.636 4.117 -0.973 -0.344 -0.971 1.667 2.549 -3.725 -1.847 2025-03-25T13:17:01.565105
1.564 3.968 -0.773 -0.361 -1.088 1.798 2.594 -3.732 -1.946 2025-03-25T13:17:01.665481
1.482 4.150 -0.853 -0.525 -0.898 1.992 2.574 -3.866 -2.089 2025-03-25T13:17:01.765855
1.390 4.002 -0.691 -0.507 -1.083 2.006 2.422 -3.971 -1.923 2025-03-25T13:17:01.866223
1.205 3.856 -0.528 -0.401 -0.897 1.963 2.514 -3.808 -1.769 2025-03-25T13:17:01.966604
1.329 3.861 -0.723 -0.444 -0.829 1.938 2.606 -3.640 -1.643 2025-03-25T13:17:02.067037
1.478 3.870 -0.588 -0.584 -0.995 1.855 2.639 -3.532 -1.761 2025-03-25T13:17:02.167579
1.492 3.777 -0.564 -0.763 -0.832 1.801 2.548 -3.594 -1.945 2025-03-25T13:17:02.267965
1.458 3.766 -0.614 -0.869 -0.913 1.651 2.517 -3.592 -1.968 2025-03-25T13:17:02.368343
1.306 3.928 -0.495 -1.027 -0.987 1.720 2.499 -3.571 -2.099 2025-03-25T13:17:02.468895
1.195 3.856 -0.572 -0.889 -0.941 1.548 2.694 -3.548 -2.200 2025-03-25T13:17:02.569280
1.051 3.727 -0.760 -1.075 -1.096 1.465 2.499 -3.592 -2.195 2025-03-25T13:17:02.669475
1.073 3.642 -0.690 -0.980 -1.174 1.453 2.330 -3.457 -2.356 2025-03-25T13:17:02.769947
0.888 3.599 -0.610 -0.990 -1.260 1.262 2.251 -3.301 -2.527 2025-03-25T13:17:02.870412
0.697 3.574 -0.577 -0.900 -1.390 1.227 2.177 -3.195 -2.556 2025-03-25T13:17:02.970870
0.749 3.655 -0.511 -1.025 -1.232 1.212 2.235 -3.200 -2.564 2025-03-25T13:17:03.071337
0.679 3.816 -0.433 -1.163 -1.287 1.080 2.038 -3.292 -2.756 2025-03-25T13:17:03.171821
0.765 4.013 -0.562 -1.045 -1.151 0.926 1.946 -3.428 -2.786 2025-03-25T13:17:03.272313
0.652 4.049 -0.746 -1.204 -1.300 0.851 1.942 -3.497 -2.777 2025-03-25T13:17:03.372791
0.718 3.954 -0.847 -1.075 -1.189 1.037 2.126 -3.355 -2.623 2025-03-25T13:17:03.473264
0.534 4.076 -0.703 -1.203 -1.084 1.028 1.965 -3.376 -2.525 2025-03-25T13:17:03.573641
0.583 4.113 -0.813 -1.078 -1.132 1.110 1.768 -3.433 -2.536 2025-03-25T13:17:03.674102
0.595 4.272 -0.861 -1.228 -1.233 1.270 1.940 -3.398 -2.709 2025-03-25T13:17:03.774600
0.539 4.089 -1.030 -1.230 -1.130 1.084 1.985 -3.261 -2.600 2025-03-25T13:17:03.875077
0.560 4.034 -1.166 -1.153 -1.207 1.084 2.082 -3.315 -2.515 2025-03-25T13:17:03.975601
0.434 3.894 -1.118 -1.151 -1.312 0.933 2.202 -3.309 -2.356 2025-03-25T13:17:04.076025
0.332 4.022 -1.013 -1.178 -1.331 1.130 2.132 -3.375 -2.471 2025-03-25T13:17:04.176515
0.446 3.971 -0.984 -1.076 -1.450 1.103 2.263 -3.225 -2.537 2025-03-25T13:17:04.276995
0.283 3.787 -1.166 -1.226 -1.597 1.157 2.353 -3.146 -2.720 2025-03-25T13:17:04.377369
0.247 3.602 -1.071 -1.051 -1.430 1.237 2.341 -3.095 -2.783 2025-03-25T13:17:04.477830
0.179 3.735 -1.009 -1.113 -1.524 1.219 2.179 -3.205 -2.826 2025-03-25T13:17:04.578307
0.167 3.791 -1.095 -1.120 -1.554 1.240 2.074 -3.332 -2.945 2025-03-25T13:17:04.678811
0.353 3.796 -0.917 -1.254 -1.539 1.353 2.231 -3.250 -2.878 2025-03-25T13:17:04.779292
0.312 3.956 -0.891 -1.331 -1.629 1.521 2.279 -3.091 -2.802 2025-03-25T13:17:04.879702
0.164 4.036 -1.004 -1.179 -1.661 1.362 2.442 -3.254 -2.987 2025-03-25T13:17:04.980183
0.005 3.981 -1.133 -0.987 -1.749 1.376 2.515 -3.373 -2.885 2025-03-25T13:17:05.080610
-0.033 3.870 -1.219 -1.062 -1.884 1.546 2.705 -3.493 -2.947 2025-03-25T13:17:05.181161
-0.034 3.890 -1.034 -1.075 -1.867 1.719 2.800 -3.523 -2.880 2025-03-25T13:17:05.281651
-0.197 3.698 -1.030 -0.988 -1.864 1.865 2.986 -3.638 -2.950 2025-03-25T13:17:05.382171
-0.341 3.656 -1.086 -1.047 -1.687 1.812 3.162 -3.695 -2.928 2025-03-25T13:17:05.482557
-0.236 3.783 -1.106 -1.129 -1.814 1.843 3.018 -3.765 -2.742 2025-03-25T13:17:05.582776
-0.386 3.765 -0.951 -1.188 -1.856 1.686 3.099 -3.684 -2.571 2025-03-25T13:17:05.682985
-0.191 3.940 -1.036 -1.161 -1.727 1.603 2.914 -3.719 -2.581 2025-03-25T13:17:05.783374
-0.144 3.807 -1.172 -0.993 -1.857 1.705 3.067 -3.757 -2.433 2025-03-25T13:17:05.883713
-0.109 3.878 -1.255 -1.002 -1.729 1.611 2.980 -3.797 -2.307 2025-03-25T13:17:05.984149
-0.207 3.689 -1.215 -0.964 -1.654 1.795 2.960 -3.847 -2.113 2025-03-25T13:17:06.084646
-0.176 3.766 -1.396 -1.093 -1.789 1.617 2.932 -3.793 -2.295 2025-03-25T13:17:06.185104
-0.251 3.645 -1.540 -1.041 -1.762 1.797 2.905 -3.912 -2.192 2025-03-25T13:17:06.285552
-0.333 3.504 -1.603 -1.131 -1.944 1.627 2.851 -3.943 -2.034 2025-03-25T13:17:06.385961
-0.326 3.517 -1.445 -1.010 -1.760 1.633 3.014 -3.853 -1.907 2025-03-25T13:17:06.486384
-0.433 3.691 -1.292 -0.860 -1.693 1.705 2.862 -3.751 -1.935 2025-03-25T13:17:06.586764
-0.447 3.659 -1.144 -0.860 -1.716 1.818 2.810 -3.913 -1.899 2025-03-25T13:17:06.687201
-0.374 3.709 -0.962 -0.865 -1.544 1.780 2.779 -4.075 -1.842 2025-03-25T13:17:06.787771
-0.558 3.797 -1.066 -1.045 -1.583 1.724 2.856 -3.917 -2.034 2025-03-25T13:17:06.888168
-0.393 3.997 -1.036 -1.239 -1.528 1.774 2.711 -3.972 -2.220 2025-03-25T13:17:06.988544
-0.260 4.142 -0.845 -1.194 -1.589 1.700 2.713 -4.055 -2.339 2025-03-25T13:17:07.088873
-0.322 4.089 -1.019 -1.122 -1.547 1.641 2.784 -4.193 -2.484 2025-03-25T13:17:07.189246
-0.180 3.960 -1.050 -1.196 -1.669 1.767 2.781 -4.348 -2.302 2025-03-25T13:17:07.289713
-0.297 3.926 -1.125 -1.311 -1.475 1.653 2.812 -4.480 -2.499 2025-03-25T13:17:07.390198
-0.176 3.976 -1.227 -1.262 -1.460 1.543 2.779 -4.643 -2.454 2025-03-25T13:17:07.490677
-0.133 3.778 -1.411 -1.127 -1.316 1.648 2.680 -4.823 -2.302 2025-03-25T13:17:07.591163
-0.126 3.595 -1.224 -1.132 -1.210 1.838 2.707 -4.822 -2.345 2025-03-25T13:17:07.691641
-0.175 3.501 -1.217 -1.255 -1.190 1.890 2.822 -4.635 -2.496 2025-03-25T13:17:07.792103
-0.249 3.526 -1.198 -1.081 -1.188 1.791 2.980 -4.453 -2.459 2025-03-25T13:17:07.892599
-0.364 3.462 -1.295 -1.254 -1.189 1.803 3.035 -4.305 -2.601 2025-03-25T13:17:07.992991
-0.474 3.352 -1.431 -1.345 -1.243 1.716 3.071 -4.434 -2.518 2025-03-25T13:17:08.093490
-0.531 3.545 -1.466 -1.545 -1.303 1.755 2.952 -4.459 -2.672 2025-03-25T13:17:08.193871
-0.446 3.466 -1.542 -1.625 -1.392 1.664 3.135 -4.484 -2.604 2025-03-25T13:17:08.294260
-0.544 3.497 -1.415 -1.793 -1.338 1.518 3.053 -4.367 -2.606 2025-03-25T13:17:08.394651
-0.445 3.383 -1.302 -1.682 -1.536 1.349 3.008 -4.521 -2.506 2025-03-25T13:17:08.495150
-0.595 3.467 -1.160 -1.776 -1.389 1.483 3.158 -4.549 -2.327 2025-03-25T13:17:08.595611
-0.455 3.613 -1.276 -1.757 -1.312 1.649 3.277 -4.671 -2.316 2025-03-25T13:17:08.696091
-0.506 3.535 -1.384 -1.782 -1.387 1.786 3.369 -4.714 -2.302 2025-03-25T13:17:08.796682
-0.465 3.484 -1.385 -1.720 -1.333 1.845 3.516 -4.553 -2.441 2025-03-25T13:17:08.897181
-0.353 3.424 -1.201 -1.696 -1.310 1.874 3.523 -4.382 -2.259 2025-03-25T13:17:08.997643
-0.198 3.384 -1.280 -1.646 -1.399 1.768 3.704 -4.274 -2.219 2025-03-25T13:17:09.098100
-0.283 3.534 -1.356 -1.759 -1.515 1.624 3.701 -4.266 -2.167 2025-03-25T13:17:09.198519
-0.302 3.622 -1.219 -1.811 -1.489 1.822 3.540 -4.073 -1.968 2025-03-25T13:17:09.298998
-0.468 3.586 -1.239 -1.842 -1.614 1.833 3.429 -4.161 -1.772 2025-03-25T13:17:09.399474
-0.659 3.754 -1.145 -1.723 -1.694 1.855 3.535 -4.049 -1.858 2025-03-25T13:17:09.499933
-0.843 3.809 -1.045 -1.819 -1.774 1.980 3.373 -4.165 -1.860 2025-03-25T13:17:09.600408
-0.944 3.967 -1.222 -1.889 -1.633 1.932 3.447 -4.186 -1.847 2025-03-25T13:17:09.700801
-1.115 3.810 -1.310 -1.972 -1.690 2.109 3.508 -3.990 -1.934 2025-03-25T13:17:09.801206
-0.917 3.784 -1.237 -2.072 -1.689 2.126 3.583 -3.995 -1.962 2025-03-25T13:17:09.901676
-0.885 3.938 -1.071 -1.983 -1.789 2.131 3.736 -4.169 -2.119 2025-03-25T13:17:10.002172
-0.947 3.791 -1.263 -2.128 -1.914 2.179 3.889 -4.350 -2.110 2025-03-25T13:17:10.102562
-0.859 3.735 -1.075 -1.971 -2.103 2.030 3.743 -4.351 -2.087 2025-03-25T13:17:10.203006
-0.964 3.905 -1.089 -2.045 -2.233 1.860 3.815 -4.442 -2.230 2025-03-25T13:17:10.303541
-0.774 4.079 -1.283 -2.083 -2.322 1.837 3.739 -4.468 -2.069 2025-03-25T13:17:10.404081
-0.932 4.067 -1.318 -2.163 -2.435 1.993 3.661 -4.627 -2.077 2025-03-25T13:17:10.504550
-0.973 4.096 -1.350 -2.071 -2.286 1.916 3.765 -4.789 -2.120 2025-03-25T13:17:10.604942
-0.938 4.231 -1.420 -2.090 -2.138 1.758 3.801 -4.743 -2.055 2025-03-25T13:17:10.705364
